0 1 0
0.00630297 1 0.00628319
0.0126059 0.999961 0.0125664
0.0189086 0.999882 0.0188496
0.0252109 0.999763 0.0251327
0.0315123 0.999605 0.0314159
0.0378128 0.999408 0.0376991
0.0441121 0.999171 0.0439823
0.0504098 0.998895 0.0502655
0.0567058 0.998579 0.0565487
0.0629998 0.998224 0.0628319
0.0692916 0.997829 0.069115
0.0755809 0.997395 0.0753982
0.0818674 0.996922 0.0816814
0.088151 0.996409 0.0879646
0.0944313 0.995857 0.0942478
0.100708 0.995265 0.100531
0.106981 0.994635 0.106814
0.11325 0.993965 0.113097
0.119515 0.993255 0.119381
0.125776 0.992507 0.125664
0.132032 0.991719 0.131947
0.138282 0.990892 0.13823
0.144528 0.990026 0.144513
0.150768 0.98912 0.150796
0.157002 0.988176 0.15708
0.163231 0.987193 0.163363
0.169453 0.98617 0.169646
0.175669 0.985109 0.175929
0.181878 0.984009 0.182212
0.18808 0.98287 0.188496
0.194275 0.981691 0.194779
0.200463 0.980475 0.201062
0.206643 0.979219 0.207345
0.212815 0.977925 0.213628
0.218978 0.976592 0.219911
0.225134 0.97522 0.226195
0.231281 0.97381 0.232478
0.237418 0.972361 0.238761
0.243547 0.970874 0.245044
0.249667 0.969349 0.251327
0.255776 0.967785 0.257611
0.261876 0.966183 0.263894
0.267966 0.964543 0.270177
0.274046 0.962864 0.27646
0.280115 0.961148 0.282743
0.286173 0.959393 0.289027
0.29222 0.957601 0.29531
0.298255 0.955771 0.301593
0.30428 0.953903 0.307876
0.310292 0.951997 0.314159
0.316292 0.950053 0.320442
0.322281 0.948072 0.326726
0.328256 0.946054 0.333009
0.334219 0.943998 0.339292
0.340169 0.941904 0.345575
0.346106 0.939773 0.351858
0.352029 0.937606 0.358142
0.357939 0.935401 0.364425
0.363835 0.933159 0.370708
0.369716 0.93088 0.376991
0.375584 0.928564 0.383274
0.381436 0.926212 0.389557
0.387274 0.923823 0.395841
0.393097 0.921397 0.402124
0.398905 0.918935 0.408407
0.404697 0.916436 0.41469
0.410473 0.913901 0.420973
0.416233 0.91133 0.427257
0.421977 0.908723 0.43354
0.427705 0.90608 0.439823
0.433416 0.903401 0.446106
0.43911 0.900687 0.452389
0.444787 0.897936 0.458673
0.450447 0.89515 0.464956
0.456089 0.892329 0.471239
0.461713 0.889472 0.477522
0.467319 0.88658 0.483805
0.472908 0.883653 0.490088
0.478477 0.880691 0.496372
0.484028 0.877694 0.502655
0.48956 0.874663 0.508938
0.495073 0.871596 0.515221
0.500567 0.868495 0.521504
0.506041 0.86536 0.527788
0.511495 0.862191 0.534071
0.51693 0.858987 0.540354
0.522344 0.855749 0.546637
0.527738 0.852477 0.55292
0.533111 0.849172 0.559203
0.538463 0.845833 0.565487
0.543794 0.84246 0.57177
0.549104 0.839054 0.578053
0.554393 0.835615 0.584336
0.55966 0.832142 0.590619
0.564905 0.828637 0.596903
0.570127 0.825099 0.603186
0.575328 0.821528 0.609469
0.580506 0.817924 0.615752
0.585661 0.814288 0.622035
0.590794 0.81062 0.628319
0.595903 0.806919 0.634602
0.600989 0.803187 0.640885
0.606052 0.799423 0.647168
0.61109 0.795627 0.653451
0.616105 0.791799 0.659734
0.621096 0.78794 0.666018
0.626062 0.78405 0.672301
0.631004 0.780129 0.678584
0.635921 0.776176 0.684867
0.640813 0.772193 0.69115
0.64568 0.768179 0.697434
0.650522 0.764135 0.703717
0.655339 0.760061 0.71
0.660129 0.755956 0.716283
0.664894 0.751821 0.722566
0.669633 0.747657 0.728849
0.674345 0.743462 0.735133
0.679031 0.739239 0.741416
0.683691 0.734986 0.747699
0.688323 0.730703 0.753982
0.692929 0.726392 0.760265
0.697507 0.722052 0.766549
0.702058 0.717683 0.772832
0.706582 0.713286 0.779115
0.711078 0.70886 0.785398
0.715546 0.704406 0.791681
0.719985 0.699924 0.797965
0.724397 0.695415 0.804248
0.72878 0.690878 0.810531
0.733135 0.686313 0.816814
0.737461 0.681721 0.823097
0.741757 0.677102 0.82938
0.746025 0.672456 0.835664
0.750264 0.667783 0.841947
0.754473 0.663084 0.84823
0.758652 0.658358 0.854513
0.762802 0.653606 0.860796
0.766921 0.648829 0.86708
0.771011 0.644025 0.873363
0.77507 0.639196 0.879646
0.779099 0.634341 0.885929
0.783097 0.629461 0.892212
0.787065 0.624556 0.898495
0.791001 0.619627 0.904779
0.794907 0.614672 0.911062
0.798781 0.609693 0.917345
0.802624 0.60469 0.923628
0.806435 0.599663 0.929911
0.810215 0.594612 0.936195
0.813963 0.589537 0.942478
0.817678 0.584439 0.948761
0.821362 0.579317 0.955044
0.825014 0.574173 0.961327
0.828633 0.569005 0.967611
0.832219 0.563815 0.973894
0.835773 0.558602 0.980177
0.839294 0.553368 0.98646
0.842781 0.548111 0.992743
0.846236 0.542832 0.999026
0.849658 0.537532 1.00531
0.853046 0.53221 1.01159
0.8564 0.526867 1.01788
0.859721 0.521503 1.02416
0.863008 0.516118 1.03044
0.866261 0.510712 1.03673
0.86948 0.505287 1.04301
0.872665 0.499841 1.04929
0.875815 0.494375 1.05558
0.878931 0.488889 1.06186
0.882013 0.483384 1.06814
0.88506 0.477859 1.07442
0.888071 0.472316 1.08071
0.891048 0.466753 1.08699
0.89399 0.461172 1.09327
0.896897 0.455573 1.09956
0.899769 0.449955 1.10584
0.902605 0.444319 1.11212
0.905405 0.438666 1.11841
0.90817 0.432995 1.12469
0.910899 0.427307 1.13097
0.913593 0.421601 1.13726
0.91625 0.415879 1.14354
0.918871 0.41014 1.14982
0.921456 0.404385 1.15611
0.924005 0.398613 1.16239
0.926518 0.392826 1.16867
0.928993 0.387022 1.17496
0.931433 0.381204 1.18124
0.933836 0.37537 1.18752
0.936202 0.369521 1.19381
0.938531 0.363657 1.20009
0.940823 0.357778 1.20637
0.943078 0.351885 1.21265
0.945296 0.345978 1.21894
0.947476 0.340058 1.22522
0.94962 0.334123 1.2315
0.951726 0.328175 1.23779
0.953794 0.322214 1.24407
0.955825 0.31624 1.25035
0.957818 0.310253 1.25664
0.959774 0.304254 1.26292
0.961692 0.298242 1.2692
0.963571 0.292219 1.27549
0.965413 0.286183 1.28177
0.967217 0.280137 1.28805
0.968983 0.274078 1.29434
0.97071 0.268009 1.30062
0.972399 0.261929 1.3069
0.97405 0.255839 1.31319
0.975663 0.249738 1.31947
0.977237 0.243627 1.32575
0.978773 0.237506 1.33204
0.98027 0.231375 1.33832
0.981728 0.225235 1.3446
0.983148 0.219086 1.35088
0.984529 0.212928 1.35717
0.985871 0.206762 1.36345
0.987174 0.200587 1.36973
0.988438 0.194404 1.37602
0.989663 0.188212 1.3823
0.99085 0.182014 1.38858
0.991997 0.175808 1.39487
0.993105 0.169594 1.40115
0.994174 0.163374 1.40743
0.995204 0.157147 1.41372
0.996194 0.150913 1.42
0.997145 0.144674 1.42628
0.998057 0.138428 1.43257
0.99893 0.132177 1.43885
0.999763 0.12592 1.44513
1.00056 0.119658 1.45142
1.00131 0.113391 1.4577
1.00203 0.107119 1.46398
1.0027 0.100843 1.47027
1.00334 0.0945629 1.47655
1.00393 0.0882785 1.48283
1.00449 0.0819904 1.48911
1.00501 0.0756988 1.4954
1.00548 0.0694039 1.50168
1.00592 0.0631061 1.50796
1.00632 0.0568055 1.51425
1.00668 0.0505025 1.52053
1.00699 0.0441972 1.52681
1.00727 0.0378899 1.5331
1.00751 0.0315808 1.53938
1.00771 0.0252703 1.54566
1.00787 0.0189585 1.55195
1.00799 0.0126457 1.55823
1.00807 0.0063322 1.56451
1.00811 1.81761e-05 1.5708
1.00811 -0.0062961 1.57708
1.00807 -0.0126104 1.58336
1.00799 -0.0189244 1.58965
1.00787 -0.0252379 1.59593
1.00771 -0.0315507 1.60221
1.00751 -0.0378625 1.6085
1.00727 -0.0441731 1.61478
1.007 -0.0504821 1.62106
1.00668 -0.0567894 1.62734
1.00632 -0.0630947 1.63363
1.00592 -0.0693978 1.63991
1.00548 -0.0756984 1.64619
1.00501 -0.0819962 1.65248
1.00449 -0.0882911 1.65876
1.00393 -0.0945827 1.66504
1.00334 -0.100871 1.67133
1.0027 -0.107155 1.67761
1.00203 -0.113436 1.68389
1.00131 -0.119712 1.69018
1.00056 -0.125983 1.69646
0.999763 -0.13225 1.70274
0.99893 -0.138512 1.70903
0.998056 -0.144769 1.71531
0.997144 -0.151021 1.72159
0.996192 -0.157266 1.72788
0.995201 -0.163506 1.73416
0.99417 -0.169739 1.74044
0.9931 -0.175966 1.74673
0.991991 -0.182186 1.75301
0.990843 -0.1884 1.75929
0.989656 -0.194606 1.76558
0.988429 -0.200805 1.77186
0.987163 -0.206996 1.77814
0.985859 -0.213179 1.78442
0.984515 -0.219354 1.79071
0.983132 -0.22552 1.79699
0.981711 -0.231678 1.80327
0.980251 -0.237827 1.80956
0.978752 -0.243967 1.81584
0.977214 -0.250097 1.82212
0.975638 -0.256218 1.82841
0.974023 -0.262329 1.83469
0.972369 -0.26843 1.84097
0.970677 -0.27452 1.84726
0.968947 -0.2806 1.85354
0.967178 -0.286669 1.85982
0.965372 -0.292727 1.86611
0.963526 -0.298773 1.87239
0.961643 -0.304808 1.87867
0.959722 -0.310832 1.88496
0.957763 -0.316843 1.89124
0.955766 -0.322842 1.89752
0.953731 -0.328828 1.90381
0.951658 -0.334802 1.91009
0.949548 -0.340763 1.91637
0.9474 -0.34671 1.92265
0.945215 -0.352644 1.92894
0.942992 -0.358564 1.93522
0.940732 -0.364471 1.9415
0.938435 -0.370363 1.94779
0.936101 -0.376241 1.95407
0.933729 -0.382104 1.96035
0.931321 -0.387953 1.96664
0.928876 -0.393786 1.97292
0.926394 -0.399604 1.9792
0.923875 -0.405406 1.98549
0.92132 -0.411193 1.99177
0.918728 -0.416964 1.99805
0.9161 -0.422718 2.00434
0.913435 -0.428456 2.01062
0.910735 -0.434177 2.0169
0.907998 -0.439882 2.02319
0.905226 -0.445569 2.02947
0.902417 -0.451239 2.03575
0.899573 -0.456891 2.04204
0.896693 -0.462526 2.04832
0.893778 -0.468142 2.0546
0.890827 -0.47374 2.06088
0.887842 -0.47932 2.06717
0.88482 -0.484881 2.07345
0.881764 -0.490423 2.07973
0.878673 -0.495946 2.08602
0.875547 -0.501449 2.0923
0.872387 -0.506933 2.09858
0.869191 -0.512398 2.10487
0.865962 -0.517842 2.11115
0.862698 -0.523266 2.11743
0.8594 -0.528669 2.12372
0.856067 -0.534052 2.13
0.852701 -0.539414 2.13628
0.849301 -0.544755 2.14257
0.845868 -0.550075 2.14885
0.842401 -0.555373 2.15513
0.8389 -0.560649 2.16142
0.835367 -0.565903 2.1677
0.8318 -0.571136 2.17398
0.8282 -0.576346 2.18027
0.824567 -0.581533 2.18655
0.820902 -0.586698 2.19283
0.817204 -0.591839 2.19911
0.813473 -0.596958 2.2054
0.809711 -0.602053 2.21168
0.805916 -0.607125 2.21796
0.802089 -0.612173 2.22425
0.798231 -0.617197 2.23053
0.794341 -0.622196 2.23681
0.790419 -0.627172 2.2431
0.786466 -0.632122 2.24938
0.782482 -0.637048 2.25566
0.778467 -0.641949 2.26195
0.77442 -0.646825 2.26823
0.770343 -0.651676 2.27451
0.766236 -0.656501 2.2808
0.762098 -0.6613 2.28708
0.75793 -0.666074 2.29336
0.753732 -0.670821 2.29965
0.749503 -0.675542 2.30593
0.745246 -0.680236 2.31221
0.740958 -0.684904 2.3185
0.736641 -0.689545 2.32478
0.732295 -0.694159 2.33106
0.72792 -0.698746 2.33734
0.723515 -0.703305 2.34363
0.719083 -0.707837 2.34991
0.714621 -0.712341 2.35619
0.710131 -0.716817 2.36248
0.705613 -0.721265 2.36876
0.701067 -0.725684 2.37504
0.696493 -0.730076 2.38133
0.691891 -0.734438 2.38761
0.687262 -0.738772 2.39389
0.682606 -0.743076 2.40018
0.677922 -0.747352 2.40646
0.673212 -0.751598 2.41274
0.668474 -0.755815 2.41903
0.663711 -0.760002 2.42531
0.65892 -0.764159 2.43159
0.654104 -0.768286 2.43788
0.649261 -0.772383 2.44416
0.644393 -0.77645 2.45044
0.639499 -0.780486 2.45673
0.63458 -0.784491 2.46301
0.629635 -0.788466 2.46929
0.624665 -0.79241 2.47558
0.619671 -0.796322 2.48186
0.614652 -0.800203 2.48814
0.609608 -0.804053 2.49442
0.60454 -0.807872 2.50071
0.599448 -0.811658 2.50699
0.594332 -0.815413 2.51327
0.589193 -0.819135 2.51956
0.58403 -0.822826 2.52584
0.578844 -0.826484 2.53212
0.573634 -0.830109 2.53841
0.568402 -0.833702 2.54469
0.563147 -0.837263 2.55097
0.55787 -0.84079 2.55726
0.552571 -0.844284 2.56354
0.547249 -0.847745 2.56982
0.541906 -0.851173 2.57611
0.536541 -0.854567 2.58239
0.531155 -0.857928 2.58867
0.525747 -0.861254 2.59496
0.520319 -0.864547 2.60124
0.514869 -0.867806 2.60752
0.5094 -0.871031 2.61381
0.50391 -0.874222 2.62009
0.498399 -0.877378 2.62637
0.492869 -0.8805 2.63265
0.48732 -0.883587 2.63894
0.48175 -0.886639 2.64522
0.476162 -0.889657 2.6515
0.470554 -0.892639 2.65779
0.464928 -0.895586 2.66407
0.459283 -0.898499 2.67035
0.45362 -0.901375 2.67664
0.447939 -0.904217 2.68292
0.44224 -0.907022 2.6892
0.436523 -0.909792 2.69549
0.430788 -0.912526 2.70177
0.425037 -0.915225 2.70805
0.419268 -0.917887 2.71434
0.413483 -0.920513 2.72062
0.407681 -0.923103 2.7269
0.401862 -0.925656 2.73319
0.396028 -0.928173 2.73947
0.390178 -0.930654 2.74575
0.384312 -0.933098 2.75204
0.378431 -0.935505 2.75832
0.372534 -0.937875 2.7646
0.366623 -0.940208 2.77088
0.360697 -0.942505 2.77717
0.354756 -0.944764 2.78345
0.348801 -0.946986 2.78973
0.342832 -0.949171 2.79602
0.33685 -0.951318 2.8023
0.330854 -0.953428 2.80858
0.324844 -0.9555 2.81487
0.318822 -0.957535 2.82115
0.312786 -0.959532 2.82743
0.306739 -0.961491 2.83372
0.300678 -0.963412 2.84
0.294606 -0.965295 2.84628
0.288522 -0.967141 2.85257
0.282426 -0.968948 2.85885
0.276319 -0.970717 2.86513
0.2702 -0.972448 2.87142
0.264071 -0.97414 2.8777
0.257931 -0.975794 2.88398
0.251781 -0.977409 2.89027
0.24562 -0.978987 2.89655
0.239449 -0.980525 2.90283
0.233269 -0.982025 2.90911
0.22708 -0.983486 2.9154
0.220881 -0.984908 2.92168
0.214673 -0.986292 2.92796
0.208456 -0.987636 2.93425
0.202231 -0.988942 2.94053
0.195998 -0.990209 2.94681
0.189757 -0.991436 2.9531
0.183508 -0.992625 2.95938
0.177251 -0.993774 2.96566
0.170988 -0.994884 2.97195
0.164717 -0.995955 2.97823
0.158439 -0.996987 2.98451
0.152155 -0.997979 2.9908
0.145865 -0.998932 2.99708
0.139569 -0.999846 3.00336
0.133267 -1.00072 3.00965
0.126959 -1.00155 3.01593
0.120647 -1.00235 3.02221
0.114329 -1.00311 3.0285
0.108006 -1.00382 3.03478
0.101679 -1.0045 3.04106
0.0953479 -1.00514 3.04734
0.0890126 -1.00573 3.05363
0.0826735 -1.00629 3.05991
0.0763309 -1.00681 3.06619
0.069985 -1.00729 3.07248
0.0636361 -1.00772 3.07876
0.0572845 -1.00812 3.08504
0.0509303 -1.00848 3.09133
0.0445739 -1.0088 3.09761
0.0382154 -1.00908 3.10389
0.0318552 -1.00932 3.11018
0.0254935 -1.00952 3.11646
0.0191306 -1.00968 3.12274
0.0127666 -1.0098 3.12903
0.00640187 -1.00988 3.13531
3.6647e-05 -1.00992 3.14159
-0.00632883 -1.00992 3.14788
-0.0126943 -1.00988 3.15416
-0.0190595 -1.0098 3.16044
-0.0254243 -1.00968 3.16673
-0.0317883 -1.00952 3.17301
-0.0381512 -1.00932 3.17929
-0.044513 -1.00908 3.18557
-0.0508732 -1.0088 3.19186
-0.0572316 -1.00849 3.19814
-0.0635881 -1.00813 3.20442
-0.0699423 -1.00773 3.21071
-0.0762939 -1.00729 3.21699
-0.0826429 -1.00681 3.22327
-0.0889888 -1.00629 3.22956
-0.0953314 -1.00574 3.23584
-0.101671 -1.00514 3.24212
-0.108006 -1.0045 3.24841
-0.114337 -1.00383 3.25469
-0.120664 -1.00311 3.26097
-0.126987 -1.00236 3.26726
-0.133305 -1.00156 3.27354
-0.139618 -1.00072 3.27982
-0.145925 -0.99985 3.28611
-0.152227 -0.998936 3.29239
-0.158523 -0.997983 3.29867
-0.164814 -0.99699 3.30496
-0.171098 -0.995958 3.31124
-0.177375 -0.994886 3.31752
-0.183646 -0.993775 3.32381
-0.18991 -0.992625 3.33009
-0.196166 -0.991435 3.33637
-0.202415 -0.990207 3.34265
-0.208656 -0.988939 3.34894
-0.214889 -0.987632 3.35522
-0.221114 -0.986286 3.3615
-0.227331 -0.984901 3.36779
-0.233539 -0.983477 3.37407
-0.239738 -0.982014 3.38035
-0.245927 -0.980513 3.38664
-0.252107 -0.978972 3.39292
-0.258278 -0.977393 3.3992
-0.264438 -0.975776 3.40549
-0.270589 -0.974119 3.41177
-0.276728 -0.972424 3.41805
-0.282858 -0.970691 3.42434
-0.288976 -0.968919 3.43062
-0.295083 -0.967109 3.4369
-0.301179 -0.965261 3.44319
-0.307263 -0.963375 3.44947
-0.313335 -0.96145 3.45575
-0.319395 -0.959488 3.46204
-0.325442 -0.957487 3.46832
-0.331477 -0.955449 3.4746
-0.337499 -0.953373 3.48088
-0.343508 -0.951259 3.48717
-0.349504 -0.949107 3.49345
-0.355486 -0.946918 3.49973
-0.361455 -0.944691 3.50602
-0.367409 -0.942427 3.5123
-0.373349 -0.940126 3.51858
-0.379275 -0.937788 3.52487
-0.385186 -0.935412 3.53115
-0.391082 -0.932999 3.53743
-0.396962 -0.93055 3.54372
-0.402827 -0.928064 3.55
-0.408677 -0.92554 3.55628
-0.414511 -0.922981 3.56257
-0.420328 -0.920384 3.56885
-0.426129 -0.917752 3.57513
-0.431914 -0.915083 3.58142
-0.437682 -0.912377 3.5877
-0.443432 -0.909636 3.59398
-0.449166 -0.906859 3.60027
-0.454882 -0.904045 3.60655
-0.46058 -0.901196 3.61283
-0.46626 -0.898311 3.61911
-0.471922 -0.895391 3.6254
-0.477566 -0.892435 3.63168
-0.483191 -0.889444 3.63796
-0.488797 -0.886417 3.64425
-0.494384 -0.883356 3.65053
-0.499952 -0.880259 3.65681
-0.5055 -0.877128 3.6631
-0.511028 -0.873961 3.66938
-0.516537 -0.870761 3.67566
-0.522025 -0.867525 3.68195
-0.527493 -0.864256 3.68823
-0.532941 -0.860952 3.69451
-0.538367 -0.857614 3.7008
-0.543773 -0.854242 3.70708
-0.549157 -0.850836 3.71336
-0.55452 -0.847396 3.71965
-0.559861 -0.843923 3.72593
-0.56518 -0.840416 3.73221
-0.570477 -0.836876 3.7385
-0.575752 -0.833303 3.74478
-0.581004 -0.829697 3.75106
-0.586234 -0.826058 3.75734
-0.59144 -0.822386 3.76363
-0.596624 -0.818681 3.76991
-0.601784 -0.814944 3.77619
-0.606921 -0.811175 3.78248
-0.612033 -0.807374 3.78876
-0.617122 -0.80354 3.79504
-0.622187 -0.799675 3.80133
-0.627227 -0.795778 3.80761
-0.632243 -0.791849 3.81389
-0.637234 -0.787889 3.82018
-0.6422 -0.783898 3.82646
-0.647141 -0.779875 3.83274
-0.652056 -0.775822 3.83903
-0.656946 -0.771738 3.84531
-0.661811 -0.767623 3.85159
-0.666649 -0.763478 3.85788
-0.671461 -0.759302 3.86416
-0.676247 -0.755097 3.87044
-0.681006 -0.750861 3.87673
-0.685739 -0.746595 3.88301
-0.690445 -0.7423 3.88929
-0.695123 -0.737976 3.89557
-0.699775 -0.733622 3.90186
-0.704399 -0.729239 3.90814
-0.708995 -0.724827 3.91442
-0.713564 -0.720386 3.92071
-0.718104 -0.715917 3.92699
-0.722617 -0.711419 3.93327
-0.727101 -0.706893 3.93956
-0.731556 -0.702338 3.94584
-0.735983 -0.697756 3.95212
-0.740381 -0.693147 3.95841
-0.74475 -0.688509 3.96469
-0.74909 -0.683844 3.97097
-0.7534 -0.679153 3.97726
-0.757681 -0.674434 3.98354
-0.761931 -0.669688 3.98982
-0.766152 -0.664916 3.99611
-0.770343 -0.660117 4.00239
-0.774504 -0.655292 4.00867
-0.778634 -0.650441 4.01496
-0.782734 -0.645564 4.02124
-0.786803 -0.640661 4.02752
-0.790841 -0.635733 4.0338
-0.794848 -0.63078 4.04009
-0.798824 -0.625801 4.04637
-0.802768 -0.620798 4.05265
-0.806681 -0.615769 4.05894
-0.810562 -0.610717 4.06522
-0.814412 -0.60564 4.0715
-0.818229 -0.600539 4.07779
-0.822014 -0.595414 4.08407
-0.825767 -0.590265 4.09035
-0.829487 -0.585093 4.09664
-0.833175 -0.579897 4.10292
-0.83683 -0.574679 4.1092
-0.840453 -0.569437 4.11549
-0.844042 -0.564173 4.12177
-0.847598 -0.558887 4.12805
-0.85112 -0.553578 4.13434
-0.854609 -0.548247 4.14062
-0.858065 -0.542894 4.1469
-0.861487 -0.537519 4.15319
-0.864875 -0.532123 4.15947
-0.868229 -0.526706 4.16575
-0.871549 -0.521268 4.17204
-0.874834 -0.515809 4.17832
-0.878085 -0.51033 4.1846
-0.881302 -0.50483 4.19088
-0.884484 -0.49931 4.19717
-0.887631 -0.49377 4.20345
-0.890743 -0.48821 4.20973
-0.89382 -0.482631 4.21602
-0.896862 -0.477033 4.2223
-0.899869 -0.471415 4.22858
-0.90284 -0.465779 4.23487
-0.905776 -0.460124 4.24115
-0.908676 -0.454451 4.24743
-0.911541 -0.448759 4.25372
-0.914369 -0.44305 4.26
-0.917162 -0.437323 4.26628
-0.919918 -0.431578 4.27257
-0.922638 -0.425816 4.27885
-0.925322 -0.420037 4.28513
-0.92797 -0.414241 4.29142
-0.930581 -0.408429 4.2977
-0.933155 -0.4026 4.30398
-0.935693 -0.396756 4.31027
-0.938193 -0.390895 4.31655
-0.940657 -0.385018 4.32283
-0.943084 -0.379127 4.32911
-0.945474 -0.37322 4.3354
-0.947826 -0.367298 4.34168
-0.950141 -0.361361 4.34796
-0.952419 -0.35541 4.35425
-0.954659 -0.349444 4.36053
-0.956861 -0.343465 4.36681
-0.959026 -0.337472 4.3731
-0.961153 -0.331465 4.37938
-0.963242 -0.325445 4.38566
-0.965294 -0.319411 4.39195
-0.967307 -0.313365 4.39823
-0.969282 -0.307307 4.40451
-0.971219 -0.301235 4.4108
-0.973118 -0.295152 4.41708
-0.974978 -0.289057 4.42336
-0.9768 -0.28295 4.42965
-0.978583 -0.276832 4.43593
-0.980328 -0.270703 4.44221
-0.982034 -0.264563 4.4485
-0.983702 -0.258412 4.45478
-0.985331 -0.25225 4.46106
-0.986921 -0.246079 4.46734
-0.988472 -0.239897 4.47363
-0.989984 -0.233706 4.47991
-0.991457 -0.227505 4.48619
-0.992891 -0.221295 4.49248
-0.994286 -0.215076 4.49876
-0.995641 -0.208848 4.50504
-0.996958 -0.202612 4.51133
-0.998235 -0.196368 4.51761
-0.999472 -0.190115 4.52389
-1.00067 -0.183855 4.53018
-1.00183 -0.177587 4.53646
-1.00295 -0.171312 4.54274
-1.00403 -0.165031 4.54903
-1.00507 -0.158742 4.55531
-1.00607 -0.152447 4.56159
-1.00703 -0.146145 4.56788
-1.00795 -0.139838 4.57416
-1.00883 -0.133524 4.58044
-1.00967 -0.127205 4.58673
-1.01048 -0.120881 4.59301
-1.01124 -0.114552 4.59929
-1.01196 -0.108218 4.60557
-1.01264 -0.10188 4.61186
-1.01328 -0.0955373 4.61814
-1.01389 -0.0891906 4.62442
-1.01445 -0.0828402 4.63071
-1.01497 -0.0764862 4.63699
-1.01545 -0.0701289 4.64327
-1.01589 -0.0637686 4.64956
-1.0163 -0.0574056 4.65584
-1.01666 -0.05104 4.66212
-1.01698 -0.0446722 4.66841
-1.01726 -0.0383024 4.67469
-1.0175 -0.0319308 4.68097
-1.0177 -0.0255576 4.68726
-1.01787 -0.0191833 4.69354
-1.01799 -0.0128079 4.69982
-1.01807 -0.00643172 4.70611
-1.01811 -5.50691e-05 4.71239
-1.01811 0.00632184 4.71867
-1.01807 0.0126987 4.72496
-1.01799 0.0190754 4.73124
-1.01787 0.0254516 4.73752
-1.01771 0.031827 4.7438
-1.01751 0.0382014 4.75009
-1.01727 0.0445745 4.75637
-1.01699 0.0509461 4.76265
-1.01666 0.057316 4.76894
-1.0163 0.0636839 4.77522
-1.0159 0.0700495 4.7815
-1.01546 0.0764126 4.78779
-1.01498 0.0827729 4.79407
-1.01446 0.0891302 4.80035
-1.01389 0.0954842 4.80664
-1.01329 0.101835 4.81292
-1.01265 0.108181 4.8192
-1.01197 0.114524 4.82549
-1.01125 0.120863 4.83177
-1.01049 0.127197 4.83805
-1.00968 0.133526 4.84434
-1.00884 0.13985 4.85062
-1.00796 0.146169 4.8569
-1.00704 0.152482 4.86319
-1.00608 0.15879 4.86947
-1.00508 0.165091 4.87575
-1.00404 0.171387 4.88203
-1.00296 0.177675 4.88832
-1.00184 0.183957 4.8946
-1.00068 0.190232 4.90088
-0.999478 0.1965 4.90717
-0.99824 0.20276 4.91345
-0.996962 0.209013 4.91973
-0.995644 0.215257 4.92602
-0.994288 0.221493 4.9323
-0.992892 0.227721 4.93858
-0.991456 0.23394 4.94487
-0.989982 0.24015 4.95115
-0.988468 0.246351 4.95743
-0.986915 0.252542 4.96372
-0.985324 0.258724 4.97
-0.983693 0.264895 4.97628
-0.982023 0.271056 4.98257
-0.980315 0.277207 4.98885
-0.978568 0.283348 4.99513
-0.976782 0.289477 5.00142
-0.974957 0.295595 5.0077
-0.973094 0.301702 5.01398
-0.971192 0.307796 5.02027
-0.969252 0.31388 5.02655
-0.967274 0.31995 5.03283
-0.965257 0.326009 5.03911
-0.963203 0.332055 5.0454
-0.96111 0.338088 5.05168
-0.958979 0.344108 5.05796
-0.95681 0.350114 5.06425
-0.954603 0.356107 5.07053
-0.952358 0.362086 5.07681
-0.950076 0.368051 5.0831
-0.947756 0.374002 5.08938
-0.945399 0.379939 5.09566
-0.943004 0.38586 5.10195
-0.940572 0.391767 5.10823
-0.938103 0.397658 5.11451
-0.935597 0.403534 5.1208
-0.933053 0.409394 5.12708
-0.930473 0.415238 5.13336
-0.927855 0.421066 5.13965
-0.925202 0.426877 5.14593
-0.922511 0.432672 5.15221
-0.919784 0.438451 5.1585
-0.91702 0.444212 5.16478
-0.91422 0.449955 5.17106
-0.911384 0.455682 5.17734
-0.908512 0.46139 5.18363
-0.905604 0.46708 5.18991
-0.90266 0.472753 5.19619
-0.89968 0.478407 5.20248
-0.896665 0.484042 5.20876
-0.893614 0.489658 5.21504
-0.890528 0.495255 5.22133
-0.887406 0.500833 5.22761
-0.884249 0.506391 5.23389
-0.881058 0.51193 5.24018
-0.877831 0.517448 5.24646
-0.87457 0.522946 5.25274
-0.871273 0.528424 5.25903
-0.867943 0.533881 5.26531
-0.864578 0.539318 5.27159
-0.861178 0.544733 5.27788
-0.857745 0.550127 5.28416
-0.854278 0.5555 5.29044
-0.850776 0.56085 5.29673
-0.847241 0.566179 5.30301
-0.843673 0.571486 5.30929
-0.840071 0.57677 5.31557
-0.836435 0.582032 5.32186
-0.832767 0.587271 5.32814
-0.829065 0.592487 5.33442
-0.825331 0.59768 5.34071
-0.821564 0.602849 5.34699
-0.817764 0.607995 5.35327
-0.813932 0.613117 5.35956
-0.810067 0.618215 5.36584
-0.806171 0.623289 5.37212
-0.802242 0.628338 5.37841
-0.798282 0.633363 5.38469
-0.79429 0.638363 5.39097
-0.790266 0.643338 5.39726
-0.786211 0.648288 5.40354
-0.782125 0.653213 5.40982
-0.778008 0.658111 5.41611
-0.77386 0.662984 5.42239
-0.769681 0.667832 5.42867
-0.765472 0.672652 5.43496
-0.761232 0.677447 5.44124
-0.756962 0.682215 5.44752
-0.752662 0.686956 5.4538
-0.748332 0.69167 5.46009
-0.743973 0.696358 5.46637
-0.739583 0.701017 5.47265
-0.735165 0.70565 5.47894
-0.730717 0.710254 5.48522
-0.726241 0.714831 5.4915
-0.721735 0.71938 5.49779
-0.717201 0.723901 5.50407
-0.712638 0.728393 5.51035
-0.708047 0.732856 5.51664
-0.703428 0.737291 5.52292
-0.698781 0.741697 5.5292
-0.694106 0.746074 5.53549
-0.689403 0.750422 5.54177
-0.684674 0.75474 5.54805
-0.679916 0.759028 5.55434
-0.675132 0.763287 5.56062
-0.670321 0.767515 5.5669
-0.665484 0.771714 5.57319
-0.66062 0.775882 5.57947
-0.655729 0.78002 5.58575
-0.650813 0.784127 5.59203
-0.64587 0.788204 5.59832
-0.640902 0.792249 5.6046
-0.635909 0.796263 5.61088
-0.63089 0.800246 5.61717
-0.625846 0.804198 5.62345
-0.620777 0.808118 5.62973
-0.615684 0.812006 5.63602
-0.610566 0.815862 5.6423
-0.605423 0.819687 5.64858
-0.600257 0.823479 5.65487
-0.595067 0.827238 5.66115
-0.589853 0.830966 5.66743
-0.584615 0.83466 5.67372
-0.579354 0.838322 5.68
-0.57407 0.841951 5.68628
-0.568763 0.845546 5.69257
-0.563434 0.849109 5.69885
-0.558082 0.852638 5.70513
-0.552708 0.856133 5.71142
-0.547312 0.859595 5.7177
-0.541894 0.863023 5.72398
-0.536454 0.866417 5.73027
-0.530993 0.869777 5.73655
-0.525511 0.873103 5.74283
-0.520008 0.876395 5.74911
-0.514484 0.879652 5.7554
-0.50894 0.882874 5.76168
-0.503375 0.886062 5.76796
-0.49779 0.889215 5.77425
-0.492185 0.892333 5.78053
-0.486561 0.895416 5.78681
-0.480917 0.898463 5.7931
-0.475254 0.901476 5.79938
-0.469572 0.904452 5.80566
-0.463872 0.907393 5.81195
-0.458152 0.910299 5.81823
-0.452415 0.913169 5.82451
-0.446659 0.916002 5.8308
-0.440885 0.9188 5.83708
-0.435094 0.921561 5.84336
-0.429286 0.924287 5.84965
-0.42346 0.926975 5.85593
-0.417617 0.929628 5.86221
-0.411758 0.932243 5.8685
-0.405882 0.934822 5.87478
-0.39999 0.937365 5.88106
-0.394082 0.93987 5.88734
-0.388158 0.942338 5.89363
-0.382218 0.94477 5.89991
-0.376263 0.947164 5.90619
-0.370293 0.94952 5.91248
-0.364309 0.95184 5.91876
-0.358309 0.954121 5.92504
-0.352295 0.956366 5.93133
-0.346267 0.958572 5.93761
-0.340226 0.960741 5.94389
-0.33417 0.962872 5.95018
-0.328101 0.964965 5.95646
-0.322019 0.96702 5.96274
-0.315924 0.969037 5.96903
-0.309816 0.971016 5.97531
-0.303696 0.972957 5.98159
-0.297563 0.974859 5.98788
-0.291419 0.976723 5.99416
-0.285263 0.978548 6.00044
-0.279095 0.980335 6.00673
-0.272916 0.982083 6.01301
-0.266726 0.983792 6.01929
-0.260525 0.985463 6.02557
-0.254314 0.987095 6.03186
-0.248092 0.988687 6.03814
-0.24186 0.990241 6.04442
-0.235619 0.991756 6.05071
-0.229368 0.993232 6.05699
-0.223108 0.994669 6.06327
-0.216838 0.996066 6.06956
-0.21056 0.997424 6.07584
-0.204273 0.998743 6.08212
-0.197978 1.00002 6.08841
-0.191675 1.00126 6.09469
-0.185364 1.00246 6.10097
-0.179046 1.00362 6.10726
-0.17272 1.00475 6.11354
-0.166387 1.00583 6.11982
-0.160047 1.00687 6.12611
-0.153701 1.00787 6.13239
-0.147348 1.00883 6.13867
-0.14099 1.00976 6.14496
-0.134625 1.01064 6.15124
-0.128255 1.01148 6.15752
-0.12188 1.01229 6.1638
-0.1155 1.01305 6.17009
-0.109114 1.01377 6.17637
-0.102725 1.01446 6.18265
-0.0963304 1.0151 6.18894
-0.0899323 1.0157 6.19522
-0.0835303 1.01627 6.2015
-0.0771248 1.01679 6.20779
-0.070716 1.01727 6.21407
-0.0643042 1.01772 6.22035
-0.0578896 1.01812 6.22664
-0.0514724 1.01848 6.23292
-0.0450529 1.0188 6.2392
-0.0386314 1.01909 6.24549
-0.0322082 1.01933 6.25177
-0.0257834 1.01953 6.25805
-0.0193573 1.01969 6.26434
-0.0129302 1.01981 6.27062
-0.00650238 1.01989 6.2769
-7.40209e-05 1.01993 6.28319
0.00635459 1.01994 6.28947
0.0127832 1.0199 6.29575
0.0192116 1.01982 6.30203
0.0256394 1.0197 6.30832
0.0320665 1.01953 6.3146
0.0384926 1.01933 6.32088
0.0449175 1.01909 6.32717
0.0513408 1.01881 6.33345
0.0577623 1.01849 6.33973
0.0641818 1.01813 6.34602
0.070599 1.01773 6.3523
0.0770137 1.01728 6.35858
0.0834256 1.0168 6.36487
0.0898345 1.01628 6.37115
0.0962401 1.01572 6.37743
0.102642 1.01511 6.38372
0.10904 1.01447 6.39
0.115434 1.01379 6.39628
0.121824 1.01306 6.40257
0.12821 1.0123 6.40885
0.13459 1.0115 6.41513
0.140966 1.01066 6.42142
0.147336 1.00977 6.4277
0.1537 1.00885 6.43398
0.160059 1.00789 6.44026
0.166412 1.00688 6.44655
0.172758 1.00584 6.45283
0.179098 1.00476 6.45911
0.185431 1.00364 6.4654
0.191757 1.00248 6.47168
0.198075 1.00128 6.47796
0.204386 1.00004 6.48425
0.21069 0.998755 6.49053
0.216985 0.997435 6.49681
0.223271 0.996076 6.5031
0.22955 0.994678 6.50938
0.235819 0.99324 6.51566
0.242079 0.991763 6.52195
0.24833 0.990247 6.52823
0.254572 0.988691 6.53451
0.260804 0.987097 6.5408
0.267025 0.985463 6.54708
0.273237 0.983791 6.55336
0.279437 0.982079 6.55965
0.285627 0.980329 6.56593
0.291806 0.97854 6.57221
0.297974 0.976712 6.5785
0.30413 0.974846 6.58478
0.310275 0.972941 6.59106
0.316407 0.970998 6.59734
0.322527 0.969016 6.60363
0.328635 0.966996 6.60991
0.33473 0.964937 6.61619
0.340812 0.962841 6.62248
0.346881 0.960706 6.62876
0.352936 0.958533 6.63504
0.358978 0.956323 6.64133
0.365005 0.954074 6.64761
0.371019 0.951788 6.65389
0.377018 0.949464 6.66018
0.383002 0.947103 6.66646
0.388972 0.944704 6.67274
0.394926 0.942267 6.67903
0.400865 0.939794 6.68531
0.406789 0.937283 6.69159
0.412696 0.934735 6.69788
0.418588 0.93215 6.70416
0.424463 0.929528 6.71044
0.430322 0.92687 6.71673
0.436164 0.924174 6.72301
0.441989 0.921443 6.72929
0.447797 0.918674 6.73557
0.453587 0.915869 6.74186
0.45936 0.913028 6.74814
0.465115 0.910151 6.75442
0.470852 0.907238 6.76071
0.47657 0.904289 6.76699
0.48227 0.901304 6.77327
0.48795 0.898283 6.77956
0.493612 0.895227 6.78584
0.499255 0.892135 6.79212
0.504878 0.889008 6.79841
0.510481 0.885846 6.80469
0.516065 0.882648 6.81097
0.521628 0.879416 6.81726
0.527171 0.876149 6.82354
0.532693 0.872847 6.82982
0.538195 0.86951 6.83611
0.543675 0.866139 6.84239
0.549135 0.862734 6.84867
0.554572 0.859294 6.85496
0.559989 0.855821 6.86124
0.565383 0.852313 6.86752
0.570755 0.848772 6.8738
0.576105 0.845197 6.88009
0.581432 0.841589 6.88637
0.586736 0.837947 6.89265
0.592018 0.834272 6.89894
0.597276 0.830564 6.90522
0.602511 0.826823 6.9115
0.607723 0.823049 6.91779
0.61291 0.819243 6.92407
0.618074 0.815404 6.93035
0.623214 0.811532 6.93664
0.628329 0.807629 6.94292
0.633419 0.803693 6.9492
0.638485 0.799726 6.95549
0.643525 0.795727 6.96177
0.648541 0.791696 6.96805
0.653531 0.787634 6.97434
0.658495 0.783541 6.98062
0.663434 0.779416 6.9869
0.668347 0.775261 6.99319
0.673233 0.771074 6.99947
0.678093 0.766858 7.00575
0.682927 0.76261 7.01203
0.687733 0.758333 7.01832
0.692513 0.754025 7.0246
0.697266 0.749688 7.03088
0.701991 0.745321 7.03717
0.706689 0.740924 7.04345
0.711359 0.736497 7.04973
0.716001 0.732042 7.05602
0.720615 0.727557 7.0623
0.7252 0.723043 7.06858
0.729758 0.718501 7.07487
0.734286 0.71393 7.08115
0.738786 0.709331 7.08743
0.743257 0.704704 7.09372
0.747699 0.700048 7.1
0.752111 0.695365 7.10628
0.756494 0.690654 7.11257
0.760847 0.685916 7.11885
0.765171 0.68115 7.12513
0.769464 0.676358 7.13142
0.773727 0.671538 7.1377
0.77796 0.666692 7.14398
0.782162 0.661819 7.15026
0.786333 0.65692 7.15655
0.790474 0.651995 7.16283
0.794583 0.647044 7.16911
0.798662 0.642067 7.1754
0.802709 0.637065 7.18168
0.806724 0.632037 7.18796
0.810708 0.626984 7.19425
0.81466 0.621906 7.20053
0.818579 0.616804 7.20681
0.822467 0.611676 7.2131
0.826322 0.606525 7.21938
0.830145 0.601349 7.22566
0.833936 0.59615 7.23195
0.837693 0.590926 7.23823
0.841418 0.585679 7.24451
0.845109 0.580409 7.2508
0.848768 0.575116 7.25708
0.852392 0.5698 7.26336
0.855984 0.564461 7.26965
0.859542 0.559099 7.27593
0.863066 0.553716 7.28221
0.866556 0.54831 7.28849
0.870012 0.542882 7.29478
0.873433 0.537433 7.30106
0.876821 0.531962 7.30734
0.880174 0.52647 7.31363
0.883492 0.520957 7.31991
0.886776 0.515423 7.32619
0.890024 0.509869 7.33248
0.893238 0.504294 7.33876
0.896417 0.4987 7.34504
0.89956 0.493085 7.35133
0.902668 0.487451 7.35761
0.90574 0.481797 7.36389
0.908777 0.476124 7.37018
0.911778 0.470431 7.37646
0.914743 0.464721 7.38274
0.917672 0.458991 7.38903
0.920565 0.453243 7.39531
0.923422 0.447477 7.40159
0.926242 0.441693 7.40788
0.929026 0.435892 7.41416
0.931774 0.430073 7.42044
0.934485 0.424237 7.42673
0.937158 0.418384 7.43301
0.939796 0.412514 7.43929
0.942396 0.406627 7.44557
0.944959 0.400725 7.45186
0.947484 0.394806 7.45814
0.949973 0.388871 7.46442
0.952424 0.382921 7.47071
0.954837 0.376956 7.47699
0.957213 0.370975 7.48327
0.959552 0.36498 7.48956
0.961852 0.35897 7.49584
0.964115 0.352945 7.50212
0.966339 0.346906 7.50841
0.968526 0.340854 7.51469
0.970674 0.334787 7.52097
0.972784 0.328708 7.52726
0.974856 0.322614 7.53354
0.976889 0.316508 7.53982
0.978884 0.31039 7.54611
0.980841 0.304259 7.55239
0.982759 0.298115 7.55867
0.984638 0.29196 7.56496
0.986478 0.285792 7.57124
0.988279 0.279613 7.57752
0.990041 0.273423 7.5838
0.991765 0.267222 7.59009
0.993449 0.26101 7.59637
0.995094 0.254788 7.60265
0.9967 0.248555 7.60894
0.998267 0.242312 7.61522
0.999794 0.23606 7.6215
1.00128 0.229798 7.62779
1.00273 0.223526 7.63407
1.00414 0.217245 7.64035
1.00551 0.210956 7.64664
1.00684 0.204658 7.65292
1.00813 0.198352 7.6592
1.00938 0.192037 7.66549
1.01059 0.185715 7.67177
1.01176 0.179385 7.67805
1.01289 0.173048 7.68434
1.01398 0.166704 7.69062
1.01503 0.160353 7.6969
1.01604 0.153995 7.70319
1.01701 0.147631 7.70947
1.01794 0.141261 7.71575
1.01883 0.134885 7.72203
1.01968 0.128504 7.72832
1.02049 0.122117 7.7346
1.02126 0.115725 7.74088
1.02199 0.109329 7.74717
1.02268 0.102927 7.75345
1.02333 0.0965218 7.75973
1.02394 0.0901122 7.76602
1.02451 0.0836987 7.7723
1.02503 0.0772817 7.77858
1.02552 0.0708615 7.78487
1.02597 0.0644381 7.79115
1.02637 0.058012 7.79743
1.02674 0.0515833 7.80372
1.02707 0.0451523 7.81
1.02735 0.0387193 7.81628
1.02759 0.0322845 7.82257
1.0278 0.0258482 7.82885
1.02796 0.0194106 7.83513
1.02808 0.012972 7.84142
1.02816 0.00653259 7.8477
1.02821 9.26922e-05 7.85398
1.02821 -0.00634746 7.86026
1.02817 -0.0127876 7.86655
1.02809 -0.0192275 7.87283
1.02796 -0.0256669 7.87911
1.0278 -0.0321056 7.8854
1.0276 -0.0385432 7.89168
1.02736 -0.0449796 7.89796
1.02707 -0.0514144 7.90425
1.02675 -0.0578475 7.91053
1.02639 -0.0642785 7.91681
1.02598 -0.0707072 7.9231
1.02553 -0.0771335 7.92938
1.02505 -0.0835569 7.93566
1.02452 -0.0899773 7.94195
1.02395 -0.0963943 7.94823
1.02335 -0.102808 7.95451
1.0227 -0.109218 7.9608
1.02201 -0.115623 7.96708
1.02128 -0.122025 7.97336
1.02051 -0.128421 7.97965
1.0197 -0.134813 7.98593
1.01885 -0.1412 7.99221
1.01796 -0.147582 7.99849
1.01703 -0.153958 8.00478
1.01606 -0.160328 8.01106
1.01505 -0.166692 8.01734
1.014 -0.17305 8.02363
1.01291 -0.179401 8.02991
1.01178 -0.185745 8.03619
1.01061 -0.192083 8.04248
1.0094 -0.198413 8.04876
1.00815 -0.204735 8.05504
1.00686 -0.211049 8.06133
1.00553 -0.217356 8.06761
1.00416 -0.223654 8.07389
1.00275 -0.229944 8.08018
1.0013 -0.236224 8.08646
0.99981 -0.242496 8.09274
0.998281 -0.248758 8.09903
0.996713 -0.255011 8.10531
0.995106 -0.261254 8.11159
0.993459 -0.267487 8.11788
0.991773 -0.273709 8.12416
0.990048 -0.279921 8.13044
0.988284 -0.286122 8.13672
0.98648 -0.292312 8.14301
0.984638 -0.298491 8.14929
0.982756 -0.304658 8.15557
0.980836 -0.310814 8.16186
0.978877 -0.316957 8.16814
0.976879 -0.323089 8.17442
0.974843 -0.329207 8.18071
0.972768 -0.335313 8.18699
0.970655 -0.341406 8.19327
0.968503 -0.347486 8.19956
0.966312 -0.353552 8.20584
0.964084 -0.359604 8.21212
0.961817 -0.365643 8.21841
0.959513 -0.371667 8.22469
0.95717 -0.377677 8.23097
0.95479 -0.383672 8.23726
0.952371 -0.389653 8.24354
0.949916 -0.395618 8.24982
0.947422 -0.401568 8.25611
0.944891 -0.407502 8.26239
0.942322 -0.41342 8.26867
0.939717 -0.419322 8.27496
0.937074 -0.425208 8.28124
0.934394 -0.431078 8.28752
0.931677 -0.43693 8.2938
0.928923 -0.442766 8.30009
0.926132 -0.448584 8.30637
0.923304 -0.454385 8.31265
0.92044 -0.460168 8.31894
0.91754 -0.465933 8.32522
0.914603 -0.47168 8.3315
0.91163 -0.477409 8.33779
0.908621 -0.483119 8.34407
0.905576 -0.48881 8.35035
0.902495 -0.494482 8.35664
0.899378 -0.500135 8.36292
0.896226 -0.505768 8.3692
0.893038 -0.511381 8.37549
0.889815 -0.516975 8.38177
0.886557 -0.522548 8.38805
0.883263 -0.528101 8.39434
0.879934 -0.533634 8.40062
0.876571 -0.539145 8.4069
0.873173 -0.544635 8.41319
0.86974 -0.550105 8.41947
0.866273 -0.555552 8.42575
0.862771 -0.560978 8.43203
0.859235 -0.566382 8.43832
0.855665 -0.571764 8.4446
0.852061 -0.577123 8.45088
0.848424 -0.58246 8.45717
0.844753 -0.587774 8.46345
0.841048 -0.593065 8.46973
0.83731 -0.598333 8.47602
0.833539 -0.603578 8.4823
0.829734 -0.608799 8.48858
0.825897 -0.613996 8.49487
0.822027 -0.619169 8.50115
0.818124 -0.624317 8.50743
0.814189 -0.629442 8.51372
0.810222 -0.634541 8.52
0.806223 -0.639616 8.52628
0.802191 -0.644666 8.53257
0.798128 -0.64969 8.53885
0.794033 -0.654689 8.54513
0.789906 -0.659663 8.55142
0.785748 -0.66461 8.5577
0.781559 -0.669532 8.56398
0.777339 -0.674427 8.57026
0.773088 -0.679296 8.57655
0.768807 -0.684138 8.58283
0.764495 -0.688954 8.58911
0.760152 -0.693742 8.5954
0.75578 -0.698503 8.60168
0.751377 -0.703237 8.60796
0.746945 -0.707943 8.61425
0.742482 -0.712622 8.62053
0.737991 -0.717272 8.62681
0.73347 -0.721895 8.6331
0.72892 -0.726489 8.63938
0.724341 -0.731054 8.64566
0.719733 -0.735591 8.65195
0.715097 -0.740099 8.65823
0.710432 -0.744578 8.66451
0.705739 -0.749028 8.6708
0.701018 -0.753449 8.67708
0.696269 -0.757839 8.68336
0.691492 -0.7622 8.68965
0.686688 -0.766532 8.69593
0.681856 -0.770833 8.70221
0.676998 -0.775103 8.70849
0.672112 -0.779344 8.71478
0.6672 -0.783554 8.72106
0.662262 -0.787733 8.72734
0.657297 -0.791881 8.73363
0.652305 -0.795998 8.73991
0.647288 -0.800083 8.74619
0.642245 -0.804138 8.75248
0.637177 -0.80816 8.75876
0.632083 -0.812151 8.76504
0.626964 -0.81611 8.77133
0.62182 -0.820037 8.77761
0.616651 -0.823932 8.78389
0.611458 -0.827794 8.79018
0.606241 -0.831624 8.79646
0.600999 -0.835421 8.80274
0.595733 -0.839186 8.80903
0.590444 -0.842917 8.81531
0.585131 -0.846615 8.82159
0.579795 -0.85028 8.82788
0.574436 -0.853912 8.83416
0.569053 -0.85751 8.84044
0.563649 -0.861074 8.84672
0.558221 -0.864605 8.85301
0.552772 -0.868101 8.85929
0.5473 -0.871563 8.86557
0.541807 -0.874991 8.87186
0.536292 -0.878385 8.87814
0.530755 -0.881744 8.88442
0.525198 -0.885068 8.89071
0.519619 -0.888358 8.89699
0.51402 -0.891612 8.90327
0.5084 -0.894832 8.90956
0.50276 -0.898016 8.91584
0.4971 -0.901165 8.92212
0.49142 -0.904279 8.92841
0.48572 -0.907357 8.93469
0.480001 -0.910399 8.94097
0.474263 -0.913406 8.94726
0.468506 -0.916376 8.95354
0.46273 -0.919311 8.95982
0.456935 -0.922209 8.96611
0.451123 -0.925071 8.97239
0.445292 -0.927897 8.97867
0.439443 -0.930686 8.98495
0.433577 -0.933438 8.99124
0.427694 -0.936154 8.99752
0.421793 -0.938833 9.0038
0.415876 -0.941475 9.01009
0.409942 -0.94408 9.01637
0.403991 -0.946647 9.02265
0.398025 -0.949178 9.02894
0.392042 -0.951671 9.03522
0.386044 -0.954126 9.0415
0.38003 -0.956544 9.04779
0.374001 -0.958924 9.05407
0.367957 -0.961267 9.06035
0.361898 -0.963572 9.06664
0.355825 -0.965838 9.07292
0.349737 -0.968067 9.0792
0.343635 -0.970258 9.08549
0.33752 -0.97241 9.09177
0.331391 -0.974524 9.09805
0.325248 -0.9766 9.10434
0.319093 -0.978637 9.11062
0.312925 -0.980636 9.1169
0.306744 -0.982596 9.12319
0.30055 -0.984517 9.12947
0.294345 -0.986399 9.13575
0.288128 -0.988243 9.14203
0.281899 -0.990048 9.14832
0.275659 -0.991813 9.1546
0.269407 -0.99354 9.16088
0.263145 -0.995227 9.16717
0.256872 -0.996876 9.17345
0.250589 -0.998485 9.17973
0.244295 -1.00005 9.18602
0.237992 -1.00158 9.1923
0.231679 -1.00307 9.19858
0.225357 -1.00453 9.20487
0.219025 -1.00594 9.21115
0.212685 -1.00731 9.21743
0.206336 -1.00864 9.22372
0.199978 -1.00993 9.23
0.193613 -1.01119 9.23628
0.187239 -1.0124 9.24257
0.180858 -1.01357 9.24885
0.17447 -1.0147 9.25513
0.168074 -1.0158 9.26142
0.161672 -1.01685 9.2677
0.155262 -1.01786 9.27398
0.148847 -1.01884 9.28026
0.142425 -1.01977 9.28655
0.135998 -1.02066 9.29283
0.129564 -1.02151 9.29911
0.123126 -1.02232 9.3054
0.116682 -1.02309 9.31168
0.110234 -1.02383 9.31796
0.103781 -1.02452 9.32425
0.0973231 -1.02517 9.33053
0.0908615 -1.02578 9.33681
0.0843961 -1.02634 9.3431
0.0779271 -1.02687 9.34938
0.0714547 -1.02736 9.35566
0.0649793 -1.02781 9.36195
0.058501 -1.02822 9.36823
0.0520202 -1.02858 9.37451
0.0455371 -1.02891 9.3808
0.0390519 -1.02919 9.38708
0.032565 -1.02944 9.39336
0.0260765 -1.02964 9.39965
0.0195867 -1.0298 9.40593
0.0130958 -1.02993 9.41221
0.00660425 -1.03001 9.41849
0.000112133 -1.03005 9.42478
-0.00638024 -1.03005 9.43106
-0.0128726 -1.03001 9.43734
-0.0193648 -1.02993 9.44363
-0.0258564 -1.02981 9.44991
-0.0323472 -1.02965 9.45619
-0.0388371 -1.02945 9.46248
-0.0453256 -1.0292 9.46876
-0.0518126 -1.02892 9.47504
-0.0582979 -1.02859 9.48133
-0.0647811 -1.02823 9.48761
-0.071262 -1.02782 9.49389
-0.0777403 -1.02738 9.50018
-0.0842158 -1.02689 9.50646
-0.0906883 -1.02636 9.51274
-0.0971574 -1.02579 9.51903
-0.103623 -1.02519 9.52531
-0.110085 -1.02454 9.53159
-0.116542 -1.02385 9.53788
-0.122996 -1.02312 9.54416
-0.129444 -1.02235 9.55044
-0.135888 -1.02154 9.55672
-0.142327 -1.02068 9.56301
-0.14876 -1.01979 9.56929
-0.155188 -1.01886 9.57557
-0.16161 -1.01789 9.58186
-0.168025 -1.01688 9.58814
-0.174435 -1.01582 9.59442
-0.180837 -1.01473 9.60071
-0.187233 -1.0136 9.60699
-0.193622 -1.01243 9.61327
-0.200003 -1.01121 9.61956
-0.206377 -1.00996 9.62584
-0.212743 -1.00867 9.63212
-0.2191 -1.00734 9.63841
-0.225449 -1.00596 9.64469
-0.23179 -1.00455 9.65097
-0.238122 -1.0031 9.65726
-0.244444 -1.00161 9.66354
-0.250757 -1.00008 9.66982
-0.257061 -0.998507 9.67611
-0.263354 -0.996897 9.68239
-0.269638 -0.995247 9.68867
-0.275911 -0.993558 9.69495
-0.282173 -0.99183 9.70124
-0.288424 -0.990063 9.70752
-0.294665 -0.988256 9.7138
-0.300894 -0.98641 9.72009
-0.307111 -0.984526 9.72637
-0.313316 -0.982602 9.73265
-0.31951 -0.98064 9.73894
-0.325691 -0.978639 9.74522
-0.331859 -0.976599 9.7515
-0.338015 -0.97452 9.75779
-0.344157 -0.972403 9.76407
-0.350286 -0.970247 9.77035
-0.356401 -0.968053 9.77664
-0.362503 -0.965821 9.78292
-0.36859 -0.96355 9.7892
-0.374664 -0.961242 9.79549
-0.380722 -0.958895 9.80177
-0.386766 -0.95651 9.80805
-0.392795 -0.954088 9.81434
-0.398809 -0.951628 9.82062
-0.404807 -0.94913 9.8269
-0.410789 -0.946594 9.83319
-0.416755 -0.944021 9.83947
-0.422706 -0.941411 9.84575
-0.428639 -0.938763 9.85203
-0.434556 -0.936078 9.85832
-0.440456 -0.933357 9.8646
-0.446339 -0.930598 9.87088
-0.452205 -0.927802 9.87717
-0.458053 -0.92497 9.88345
-0.463883 -0.922101 9.88973
-0.469695 -0.919195 9.89602
-0.475488 -0.916253 9.9023
-0.481263 -0.913275 9.90858
-0.48702 -0.910261 9.91487
-0.492757 -0.90721 9.92115
-0.498475 -0.904124 9.92743
-0.504174 -0.901002 9.93372
-0.509853 -0.897844 9.94
-0.515512 -0.89465 9.94628
-0.521151 -0.891421 9.95257
-0.52677 -0.888157 9.95885
-0.532368 -0.884858 9.96513
-0.537945 -0.881523 9.97142
-0.543501 -0.878154 9.9777
-0.549036 -0.87475 9.98398
-0.55455 -0.871311 9.99026
-0.560041 -0.867837 9.99655
-0.565511 -0.86433 10.0028
-0.570959 -0.860788 10.0091
-0.576385 -0.857211 10.0154
-0.581788 -0.853601 10.0217
-0.587168 -0.849957 10.028
-0.592525 -0.846279 10.0342
-0.597859 -0.842568 10.0405
-0.60317 -0.838823 10.0468
-0.608457 -0.835046 10.0531
-0.61372 -0.831234 10.0594
-0.618959 -0.82739 10.0657
-0.624174 -0.823514 10.0719
-0.629365 -0.819604 10.0782
-0.634531 -0.815662 10.0845
-0.639672 -0.811688 10.0908
-0.644788 -0.807681 10.0971
-0.649879 -0.803642 10.1034
-0.654944 -0.799572 10.1096
-0.659984 -0.79547 10.1159
-0.664998 -0.791336 10.1222
-0.669985 -0.787171 10.1285
-0.674947 -0.782974 10.1348
-0.679882 -0.778747 10.1411
-0.68479 -0.774488 10.1473
-0.689672 -0.770199 10.1536
-0.694527 -0.765879 10.1599
-0.699354 -0.761529 10.1662
-0.704154 -0.757149 10.1725
-0.708926 -0.752738 10.1788
-0.713671 -0.748298 10.185
-0.718387 -0.743828 10.1913
-0.723075 -0.739328 10.1976
-0.727735 -0.734799 10.2039
-0.732367 -0.730241 10.2102
-0.736969 -0.725654 10.2165
-0.741543 -0.721038 10.2227
-0.746088 -0.716393 10.229
-0.750603 -0.71172 10.2353
-0.755089 -0.707019 10.2416
-0.759546 -0.702289 10.2479
-0.763972 -0.697532 10.2542
-0.768369 -0.692747 10.2604
-0.772735 -0.687934 10.2667
-0.777071 -0.683094 10.273
-0.781376 -0.678227 10.2793
-0.785651 -0.673333 10.2856
-0.789895 -0.668412 10.2919
-0.794108 -0.663464 10.2981
-0.79829 -0.658491 10.3044
-0.802441 -0.65349 10.3107
-0.806559 -0.648464 10.317
-0.810647 -0.643413 10.3233
-0.814702 -0.638335 10.3296
-0.818726 -0.633232 10.3358
-0.822717 -0.628104 10.3421
-0.826676 -0.622951 10.3484
-0.830602 -0.617773 10.3547
-0.834496 -0.612571 10.361
-0.838357 -0.607344 10.3673
-0.842185 -0.602093 10.3735
-0.84598 -0.596818 10.3798
-0.849742 -0.591519 10.3861
-0.85347 -0.586197 10.3924
-0.857165 -0.580851 10.3987
-0.860826 -0.575482 10.405
-0.864453 -0.57009 10.4112
-0.868046 -0.564676 10.4175
-0.871606 -0.559239 10.4238
-0.87513 -0.55378 10.4301
-0.878621 -0.548298 10.4364
-0.882077 -0.542795 10.4427
-0.885498 -0.53727 10.4489
-0.888884 -0.531724 10.4552
-0.892236 -0.526156 10.4615
-0.895552 -0.520568 10.4678
-0.898833 -0.514958 10.4741
-0.902079 -0.509329 10.4804
-0.905289 -0.503679 10.4866
-0.908464 -0.498008 10.4929
-0.911603 -0.492318 10.4992
-0.914706 -0.486608 10.5055
-0.917773 -0.480879 10.5118
-0.920804 -0.475131 10.5181
-0.923799 -0.469363 10.5243
-0.926757 -0.463577 10.5306
-0.929679 -0.457772 10.5369
-0.932564 -0.451949 10.5432
-0.935413 -0.446108 10.5495
-0.938225 -0.440249 10.5558
-0.941 -0.434373 10.562
-0.943737 -0.428479 10.5683
-0.946438 -0.422568 10.5746
-0.949102 -0.41664 10.5809
-0.951728 -0.410695 10.5872
-0.954316 -0.404734 10.5935
-0.956867 -0.398756 10.5997
-0.959381 -0.392763 10.606
-0.961856 -0.386754 10.6123
-0.964294 -0.380729 10.6186
-0.966694 -0.37469 10.6249
-0.969055 -0.368635 10.6311
-0.971379 -0.362565 10.6374
-0.973664 -0.356481 10.6437
-0.975911 -0.350382 10.65
-0.978119 -0.34427 10.6563
-0.980289 -0.338143 10.6626
-0.982421 -0.332003 10.6688
-0.984513 -0.32585 10.6751
-0.986567 -0.319683 10.6814
-0.988582 -0.313504 10.6877
-0.990558 -0.307312 10.694
-0.992495 -0.301108 10.7003
-0.994393 -0.294891 10.7065
-0.996251 -0.288663 10.7128
-0.998071 -0.282423 10.7191
-0.999851 -0.276171 10.7254
-1.00159 -0.269909 10.7317
-1.00329 -0.263635 10.738
-1.00495 -0.257351 10.7442
-1.00658 -0.251057 10.7505
-1.00816 -0.244752 10.7568
-1.0097 -0.238437 10.7631
-1.0112 -0.232113 10.7694
-1.01267 -0.22578 10.7757
-1.01409 -0.219437 10.7819
-1.01547 -0.213085 10.7882
-1.01682 -0.206725 10.7945
-1.01812 -0.200356 10.8008
-1.01938 -0.193979 10.8071
-1.02061 -0.187594 10.8134
-1.02179 -0.181201 10.8196
-1.02293 -0.174801 10.8259
-1.02403 -0.168394 10.8322
-1.02509 -0.16198 10.8385
-1.02611 -0.15556 10.8448
-1.02709 -0.149133 10.8511
-1.02803 -0.142699 10.8573
-1.02893 -0.13626 10.8636
-1.02979 -0.129816 10.8699
-1.03061 -0.123365 10.8762
-1.03139 -0.11691 10.8825
-1.03213 -0.11045 10.8888
-1.03282 -0.103985 10.895
-1.03348 -0.0975164 10.9013
-1.03409 -0.0910432 10.9076
-1.03467 -0.0845662 10.9139
-1.0352 -0.0780856 10.9202
-1.03569 -0.0716016 10.9265
-1.03614 -0.0651146 10.9327
-1.03655 -0.0586247 10.939
-1.03692 -0.0521323 10.9453
-1.03725 -0.0456375 10.9516
-1.03754 -0.0391407 10.9579
-1.03778 -0.0326421 10.9642
-1.03799 -0.026142 10.9704
-1.03816 -0.0196405 10.9767
-1.03828 -0.0131381 10.983
-1.03836 -0.00663482 10.9893
-1.0384 -0.000131056 10.9956
-1.0384 0.00637297 11.0019
-1.03836 0.012877 11.0081
-1.03828 0.0193808 11.0144
-1.03816 0.0258841 11.0207
-1.038 0.0323866 11.027
-1.03779 0.0388881 11.0333
-1.03755 0.0453883 11.0396
-1.03726 0.0518869 11.0458
-1.03694 0.0583838 11.0521
-1.03657 0.0648787 11.0584
-1.03616 0.0713712 11.0647
-1.03571 0.0778611 11.071
-1.03522 0.0843483 11.0773
-1.03469 0.0908324 11.0835
-1.03411 0.0973131 11.0898
-1.0335 0.10379 11.0961
-1.03285 0.110264 11.1024
-1.03215 0.116733 11.1087
-1.03142 0.123198 11.115
-1.03064 0.129658 11.1212
-1.02982 0.136113 11.1275
-1.02896 0.142564 11.1338
-1.02807 0.149009 11.1401
-1.02713 0.155448 11.1464
-1.02615 0.161881 11.1527
-1.02513 0.168308 11.1589
-1.02407 0.174729 11.1652
-1.02296 0.181144 11.1715
-1.02182 0.187551 11.1778
-1.02064 0.193951 11.1841
-1.01942 0.200344 11.1904
-1.01815 0.206729 11.1966
-1.01685 0.213106 11.2029
-1.01551 0.219475 11.2092
-1.01413 0.225836 11.2155
-1.0127 0.232188 11.2218
-1.01124 0.238531 11.2281
-1.00973 0.244865 11.2343
-1.00819 0.251189 11.2406
-1.00661 0.257504 11.2469
-1.00499 0.263809 11.2532
-1.00332 0.270103 11.2595
-1.00162 0.276388 11.2658
-0.999878 0.282661 11.272
-0.998096 0.288924 11.2783
-0.996275 0.295176 11.2846
-0.994415 0.301416 11.2909
-0.992515 0.307644 11.2972
-0.990576 0.313861 11.3035
-0.988598 0.320065 11.3097
-0.98658 0.326257 11.316
-0.984524 0.332437 11.3223
-0.982429 0.338603 11.3286
-0.980294 0.344757 11.3349
-0.978121 0.350897 11.3411
-0.97591 0.357023 11.3474
-0.973659 0.363136 11.3537
-0.97137 0.369235 11.36
-0.969043 0.375319 11.3663
-0.966678 0.381388 11.3726
-0.964274 0.387443 11.3788
-0.961832 0.393483 11.3851
-0.959352 0.399507 11.3914
-0.956833 0.405516 11.3977
-0.954278 0.411509 11.404
-0.951684 0.417486 11.4103
-0.949052 0.423447 11.4165
-0.946383 0.429392 11.4228
-0.943677 0.435319 11.4291
-0.940933 0.44123 11.4354
-0.938152 0.447123 11.4417
-0.935334 0.453 11.448
-0.932479 0.458858 11.4542
-0.929587 0.464699 11.4605
-0.926658 0.470521 11.4668
-0.923692 0.476325 11.4731
-0.92069 0.482111 11.4794
-0.917651 0.487877 11.4857
-0.914576 0.493625 11.4919
-0.911464 0.499353 11.4982
-0.908317 0.505062 11.5045
-0.905134 0.510752 11.5108
-0.901914 0.516421 11.5171
-0.898659 0.52207 11.5234
-0.895369 0.527699 11.5296
-0.892043 0.533307 11.5359
-0.888681 0.538894 11.5422
-0.885285 0.544461 11.5485
-0.881853 0.550005 11.5548
-0.878386 0.555529 11.5611
-0.874885 0.561031 11.5673
-0.871349 0.566511 11.5736
-0.867778 0.571968 11.5799
-0.864173 0.577404 11.5862
-0.860534 0.582816 11.5925
-0.85686 0.588206 11.5988
-0.853153 0.593573 11.605
-0.849411 0.598917 11.6113
-0.845636 0.604237 11.6176
-0.841828 0.609534 11.6239
-0.837986 0.614807 11.6302
-0.834111 0.620055 11.6365
-0.830203 0.62528 11.6427
-0.826262 0.63048 11.649
-0.822288 0.635655 11.6553
-0.818281 0.640805 11.6616
-0.814242 0.645931 11.6679
-0.810171 0.651031 11.6742
-0.806068 0.656105 11.6804
-0.801932 0.661154 11.6867
-0.797765 0.666177 11.693
-0.793566 0.671174 11.6993
-0.789336 0.676144 11.7056
-0.785074 0.681088 11.7119
-0.780781 0.686005 11.7181
-0.776457 0.690896 11.7244
-0.772103 0.695759 11.7307
-0.767717 0.700595 11.737
-0.763301 0.705404 11.7433
-0.758855 0.710185 11.7496
-0.754379 0.714938 11.7558
-0.749873 0.719663 11.7621
-0.745337 0.72436 11.7684
-0.740771 0.729028 11.7747
-0.736176 0.733668 11.781
-0.731552 0.738279 11.7873
-0.726898 0.742861 11.7935
-0.722216 0.747414 11.7998
-0.717505 0.751937 11.8061
-0.712766 0.756432 11.8124
-0.707998 0.760896 11.8187
-0.703202 0.76533 11.825
-0.698378 0.769735 11.8312
-0.693527 0.774109 11.8375
-0.688648 0.778453 11.8438
-0.683741 0.782767 11.8501
-0.678807 0.787049 11.8564
-0.673846 0.791301 11.8627
-0.668859 0.795521 11.8689
-0.663845 0.799711 11.8752
-0.658804 0.803869 11.8815
-0.653737 0.807995 11.8878
-0.648645 0.81209 11.8941
-0.643526 0.816153 11.9004
-0.638382 0.820183 11.9066
-0.633212 0.824182 11.9129
-0.628018 0.828148 11.9192
-0.622798 0.832082 11.9255
-0.617553 0.835982 11.9318
-0.612284 0.839851 11.9381
-0.60699 0.843686 11.9443
-0.601673 0.847487 11.9506
-0.596331 0.851256 11.9569
-0.590966 0.854991 11.9632
-0.585577 0.858693 11.9695
-0.580164 0.86236 11.9758
-0.574729 0.865994 11.982
-0.569271 0.869594 11.9883
-0.56379 0.87316 11.9946
-0.558286 0.876691 12.0009
-0.55276 0.880188 12.0072
-0.547213 0.88365 12.0135
-0.541643 0.887077 12.0197
-0.536052 0.89047 12.026
-0.530439 0.893828 12.0323
-0.524805 0.89715 12.0386
-0.519151 0.900437 12.0449
-0.513475 0.903689 12.0511
-0.507779 0.906905 12.0574
-0.502063 0.910085 12.0637
-0.496327 0.91323 12.07
-0.490571 0.916339 12.0763
-0.484795 0.919411 12.0826
-0.479 0.922448 12.0888
-0.473186 0.925448 12.0951
-0.467353 0.928412 12.1014
-0.461501 0.931339 12.1077
-0.455631 0.93423 12.114
-0.449743 0.937084 12.1203
-0.443836 0.939901 12.1265
-0.437912 0.942681 12.1328
-0.43197 0.945423 12.1391
-0.426011 0.948129 12.1454
-0.420035 0.950797 12.1517
-0.414042 0.953428 12.158
-0.408033 0.956022 12.1642
-0.402007 0.958577 12.1705
-0.395965 0.961095 12.1768
-0.389908 0.963575 12.1831
-0.383834 0.966018 12.1894
-0.377745 0.968422 12.1957
-0.371642 0.970788 12.2019
-0.365523 0.973116 12.2082
-0.359389 0.975405 12.2145
-0.353241 0.977656 12.2208
-0.347079 0.979869 12.2271
-0.340903 0.982042 12.2334
-0.334713 0.984178 12.2396
-0.32851 0.986274 12.2459
-0.322294 0.988332 12.2522
-0.316064 0.99035 12.2585
-0.309822 0.99233 12.2648
-0.303567 0.994271 12.2711
-0.297301 0.996172 12.2773
-0.291022 0.998034 12.2836
-0.284731 0.999857 12.2899
-0.278429 1.00164 12.2962
-0.272116 1.00338 12.3025
-0.265791 1.00509 12.3088
-0.259456 1.00675 12.315
-0.253111 1.00838 12.3213
-0.246755 1.00996 12.3276
-0.240389 1.01151 12.3339
-0.234014 1.01302 12.3402
-0.227629 1.01448 12.3465
-0.221235 1.01591 12.3527
-0.214831 1.01729 12.359
-0.208419 1.01864 12.3653
-0.201999 1.01994 12.3716
-0.19557 1.02121 12.3779
-0.189134 1.02243 12.3842
-0.182689 1.02362 12.3904
-0.176237 1.02476 12.3967
-0.169778 1.02587 12.403
-0.163312 1.02693 12.4093
-0.15684 1.02795 12.4156
-0.150361 1.02894 12.4219
-0.143875 1.02988 12.4281
-0.137384 1.03078 12.4344
-0.130887 1.03164 12.4407
-0.124385 1.03246 12.447
-0.117877 1.03324 12.4533
-0.111365 1.03398 12.4596
-0.104847 1.03467 12.4658
-0.0983259 1.03533 12.4721
-0.0918003 1.03595 12.4784
-0.0852707 1.03652 12.4847
-0.0787376 1.03705 12.491
-0.0722011 1.03755 12.4973
-0.0656614 1.038 12.5035
-0.059119 1.03841 12.5098
-0.0525739 1.03878 12.5161
-0.0460265 1.03911 12.5224
-0.039477 1.0394 12.5287
-0.0329257 1.03965 12.535
-0.0263728 1.03985 12.5412
-0.0198187 1.04002 12.5475
-0.0132635 1.04014 12.5538
-0.0067075 1.04023 12.5601
-0.000150993 1.04027 12.5664
