0.12566 16.188 48.352 0.99211 1300
0.25133 22.12 45.942 0.96858 1300
0.37699 27.704 42.808 0.92978 1300
0.50265 32.851 38.998 0.87631 1300
0.62832 37.479 34.573 0.80902 1300
0.75398 41.517 29.603 0.72897 1300
0.87965 44.9 24.166 0.63742 1300
1.0053 47.575 18.348 0.53583 1300
1.131 49.499 12.241 0.42578 1300
1.2566 50.643 5.9404 0.30902 1300
1.3823 50.988 -0.45366 0.18738 1300
1.508 50.529 -6.8406 0.062791 1300
1.6336 49.273 -13.12 -0.062791 1300
1.7593 47.241 -19.192 -0.18738 1300
1.885 44.463 -24.961 -0.30902 1300
2.0106 40.984 -30.337 -0.42578 1300
2.1363 36.858 -35.234 -0.53583 1300
2.2619 32.152 -39.576 -0.63742 1300
2.3876 26.938 -43.294 -0.72897 1300
2.5133 21.299 -46.329 -0.80902 1300
2.6389 15.325 -48.633 -0.87631 1300
2.7646 9.1087 -50.17 -0.92978 1300
2.8903 2.749 -50.916 -0.96858 1300
3.0159 -3.6542 -50.859 -0.99211 1300
3.1416 -9.9997 -50 -1 1300
3.2673 -16.187 -48.352 -0.99211 1300
3.3929 -22.12 -45.942 -0.96858 1300
3.5186 -27.704 -42.808 -0.92978 1300
3.6442 -32.85 -38.998 -0.87631 1300
3.7699 -37.479 -34.573 -0.80902 1300
3.8956 -41.517 -29.603 -0.72897 1300
4.0212 -44.9 -24.166 -0.63742 1300
4.1469 -47.574 -18.348 -0.53583 1300
4.2726 -49.499 -12.241 -0.42578 1300
4.3982 -50.643 -5.9407 -0.30902 1300
4.5239 -50.988 0.45333 -0.18738 1300
4.6496 -50.529 6.8402 -0.062791 1300
4.7752 -49.274 13.119 0.062791 1300
4.9009 -47.241 19.191 0.18738 1300
5.0265 -44.463 24.961 0.30902 1300
5.1522 -40.984 30.337 0.42578 1300
5.2779 -36.858 35.234 0.53583 1300
5.4035 -32.152 39.576 0.63742 1300
5.5292 -26.938 43.294 0.72897 1300
5.6549 -21.3 46.328 0.80902 1300
5.7805 -15.325 48.633 0.87631 1300
5.9062 -9.1091 50.17 0.92978 1300
6.0319 -2.7493 50.916 0.96858 1300
6.1575 3.6538 50.859 0.99211 1300
6.2832 9.9993 50 1 1300
6.4088 16.187 48.353 0.99211 1300
6.5345 22.12 45.942 0.96858 1300
6.6602 27.703 42.808 0.92978 1300
6.7858 32.85 38.998 0.87631 1300
6.9115 37.479 34.573 0.80902 1300
7.0372 41.517 29.604 0.72897 1300
7.1628 44.899 24.167 0.63742 1300
7.2885 47.574 18.349 0.53583 1300
7.4142 49.499 12.241 0.42578 1300
7.5398 50.643 5.9411 0.30902 1300
7.6655 50.988 -0.453 0.18738 1300
7.7911 50.529 -6.8399 0.062791 1300
7.9168 49.274 -13.119 -0.062791 1300
8.0425 47.241 -19.191 -0.18738 1300
8.1681 44.463 -24.961 -0.30902 1300
8.2938 40.984 -30.336 -0.42578 1300
8.4195 36.859 -35.234 -0.53583 1300
8.5451 32.152 -39.576 -0.63742 1300
8.6708 26.938 -43.293 -0.72897 1300
8.7965 21.3 -46.328 -0.80902 1300
8.9221 15.325 -48.632 -0.87631 1300
9.0478 9.1094 -50.17 -0.92978 1300
9.1735 2.7496 -50.916 -0.96858 1300
9.2991 -3.6535 -50.859 -0.99211 1300
9.4248 -9.999 -50 -1 1300
9.5504 -16.187 -48.353 -0.99211 1300
9.6761 -22.119 -45.943 -0.96858 1300
9.8018 -27.703 -42.808 -0.92978 1300
9.9274 -32.85 -38.998 -0.87631 1300
10.053 -37.479 -34.574 -0.80902 1300
10.179 -41.516 -29.604 -0.72897 1300
10.304 -44.899 -24.167 -0.63742 1300
10.43 -47.574 -18.349 -0.53583 1300
10.556 -49.499 -12.242 -0.42578 1300
10.681 -50.643 -5.9414 -0.30902 1300
10.807 -50.988 0.45267 -0.18738 1300
10.933 -50.529 6.8396 -0.062791 1300
11.058 -49.274 13.119 0.062791 1300
11.184 -47.241 19.191 0.18738 1300
11.31 -44.463 24.96 0.30902 1300
11.435 -40.984 30.336 0.42578 1300
11.561 -36.859 35.234 0.53583 1300
11.687 -32.152 39.575 0.63742 1300
11.812 -26.939 43.293 0.72897 1300
11.938 -21.3 46.328 0.80902 1300
12.064 -15.326 48.632 0.87631 1300
12.189 -9.1097 50.17 0.92978 1300
12.315 -2.75 50.916 0.96858 1300
12.441 3.6532 50.859 0.99211 1300
12.566 9.9987 50 1 1300
12.692 16.186 48.353 0.99211 1300
