0 0 1
1 0.05 0
2 0.1 1.00125
3 0.15 0.0500365
4 0.2 1.00501
5 0.25 0.100418
6 0.3 1.01131
7 0.35 0.151848
8 0.4 1.02023
9 0.45 0.205462
10 0.5 1.03192
11 0.55 0.26293
12 0.6 1.04663
13 0.65 0.326663
14 0.7 1.06475
15 0.75 0.400181
16 0.8 1.08689
17 0.85 0.488822
18 0.9 1.11402
19 0.95 0.601075
20 1 1.14763
21 1.05 0.751308
22 1.1 1.1902
23 1.15 0.965767
24 1.2 1.24611
25 1.25 1.29733
26 1.3 1.32377
27 1.35 1.8677
28 1.4 1.44198
29 1.45 3.01747
30 1.5 1.65388
31 1.55 6.06928
32 1.6 2.20123
33 1.65 21.4055
34 1.7 8.33193
35 1.75 1858.12
36 1.8 7.58628e+10
37 1.85 1.20792e+24
38 1.9 3.11654e+174
39 1.95 inf
40 2 inf
41 2.05 inf
42 2.1 inf
43 2.15 inf
44 2.2 inf
45 2.25 inf
46 2.3 inf
47 2.35 inf
48 2.4 inf
49 2.45 inf
50 2.5 inf
51 2.55 inf
52 2.6 inf
53 2.65 inf
54 2.7 inf
55 2.75 inf
56 2.8 inf
57 2.85 inf
58 2.9 inf
59 2.95 inf
60 3 inf
61 3.05 inf
62 3.1 inf
63 3.15 inf
64 3.2 inf
65 3.25 inf
66 3.3 inf
67 3.35 inf
68 3.4 inf
69 3.45 inf
70 3.5 inf
71 3.55 inf
72 3.6 inf
73 3.65 inf
74 3.7 inf
75 3.75 inf
76 3.8 inf
77 3.85 inf
78 3.9 inf
79 3.95 inf
80 4 inf
81 4.05 inf
82 4.1 inf
83 4.15 inf
84 4.2 inf
85 4.25 inf
86 4.3 inf
87 4.35 inf
88 4.4 inf
89 4.45 inf
90 4.5 inf
91 4.55 inf
92 4.6 inf
93 4.65 inf
94 4.7 inf
95 4.75 inf
96 4.8 inf
97 4.85 inf
98 4.9 inf
99 4.95 inf
100 5 inf
101 5.05 inf
102 5.1 inf
103 5.15 inf
104 5.2 inf
105 5.25 inf
106 5.3 inf
107 5.35 inf
108 5.4 inf
109 5.45 inf
110 5.5 inf
111 5.55 inf
112 5.6 inf
113 5.65 inf
114 5.7 inf
115 5.75 inf
116 5.8 inf
117 5.85 inf
118 5.9 inf
119 5.95 inf
120 6 inf
121 6.05 inf
122 6.1 inf
123 6.15 inf
124 6.2 inf
125 6.25 inf
126 6.3 inf
127 6.35 inf
128 6.4 inf
129 6.45 inf
130 6.5 inf
131 6.55 inf
132 6.6 inf
133 6.65 inf
134 6.7 inf
135 6.75 inf
136 6.8 inf
137 6.85 inf
138 6.9 inf
139 6.95 inf
140 7 inf
141 7.05 inf
142 7.1 inf
143 7.15 inf
144 7.2 inf
145 7.25 inf
146 7.3 inf
147 7.35 inf
148 7.4 inf
149 7.45 inf
150 7.5 inf
151 7.55 inf
152 7.6 inf
153 7.65 inf
154 7.7 inf
155 7.75 inf
156 7.8 inf
157 7.85 inf
158 7.9 inf
159 7.95 inf
160 8 inf
161 8.05 inf
162 8.1 inf
163 8.15 inf
164 8.2 inf
165 8.25 inf
166 8.3 inf
167 8.35 inf
168 8.4 inf
169 8.45 inf
170 8.5 inf
171 8.55 inf
172 8.6 inf
173 8.65 inf
174 8.7 inf
175 8.75 inf
176 8.8 inf
177 8.85 inf
178 8.9 inf
179 8.95 inf
180 9 inf
181 9.05 inf
182 9.1 inf
183 9.15 inf
184 9.2 inf
185 9.25 inf
186 9.3 inf
187 9.35 inf
188 9.4 inf
189 9.45 inf
190 9.5 inf
191 9.55 inf
192 9.6 inf
193 9.65 inf
194 9.7 inf
195 9.75 inf
196 9.8 inf
197 9.85 inf
198 9.9 inf
199 9.95 inf
200 10 inf
201 10.05 inf
202 10.1 inf
203 10.15 inf
204 10.2 inf
205 10.25 inf
206 10.3 inf
207 10.35 inf
208 10.4 inf
209 10.45 inf
210 10.5 inf
211 10.55 inf
212 10.6 inf
213 10.65 inf
214 10.7 inf
215 10.75 inf
216 10.8 inf
217 10.85 inf
218 10.9 inf
219 10.95 inf
220 11 inf
221 11.05 inf
222 11.1 inf
223 11.15 inf
224 11.2 inf
225 11.25 inf
226 11.3 inf
227 11.35 inf
228 11.4 inf
229 11.45 inf
230 11.5 inf
231 11.55 inf
232 11.6 inf
233 11.65 inf
234 11.7 inf
235 11.75 inf
236 11.8 inf
237 11.85 inf
238 11.9 inf
239 11.95 inf
240 12 inf
241 12.05 inf
242 12.1 inf
243 12.15 inf
244 12.2 inf
245 12.25 inf
246 12.3 inf
247 12.35 inf
248 12.4 inf
249 12.45 inf
250 12.5 inf
251 12.55 inf
252 12.6 inf
253 12.65 inf
254 12.7 inf
255 12.75 inf
256 12.8 inf
257 12.85 inf
258 12.9 inf
259 12.95 inf
260 13 inf
261 13.05 inf
262 13.1 inf
263 13.15 inf
264 13.2 inf
265 13.25 inf
266 13.3 inf
267 13.35 inf
268 13.4 inf
269 13.45 inf
270 13.5 inf
271 13.55 inf
272 13.6 inf
273 13.65 inf
274 13.7 inf
275 13.75 inf
276 13.8 inf
277 13.85 inf
278 13.9 inf
279 13.95 inf
280 14 inf
281 14.05 inf
282 14.1 inf
283 14.15 inf
284 14.2 inf
285 14.25 inf
286 14.3 inf
287 14.35 inf
288 14.4 inf
289 14.45 inf
290 14.5 inf
291 14.55 inf
292 14.6 inf
293 14.65 inf
294 14.7 inf
295 14.75 inf
296 14.8 inf
297 14.85 inf
298 14.9 inf
299 14.95 inf
300 15 inf
301 15.05 inf
302 15.1 inf
303 15.15 inf
304 15.2 inf
305 15.25 inf
306 15.3 inf
307 15.35 inf
308 15.4 inf
309 15.45 inf
310 15.5 inf
311 15.55 inf
312 15.6 inf
313 15.65 inf
314 15.7 inf
315 15.75 inf
316 15.8 inf
317 15.85 inf
318 15.9 inf
319 15.95 inf
320 16 inf
321 16.05 inf
322 16.1 inf
323 16.15 inf
324 16.2 inf
325 16.25 inf
326 16.3 inf
327 16.35 inf
328 16.4 inf
329 16.45 inf
330 16.5 inf
331 16.55 inf
332 16.6 inf
333 16.65 inf
334 16.7 inf
335 16.75 inf
336 16.8 inf
337 16.85 inf
338 16.9 inf
339 16.95 inf
340 17 inf
341 17.05 inf
342 17.1 inf
343 17.15 inf
344 17.2 inf
345 17.25 inf
346 17.3 inf
347 17.35 inf
348 17.4 inf
349 17.45 inf
350 17.5 inf
351 17.55 inf
352 17.6 inf
353 17.65 inf
354 17.7 inf
355 17.75 inf
356 17.8 inf
357 17.85 inf
358 17.9 inf
359 17.95 inf
360 18 inf
361 18.05 inf
362 18.1 inf
363 18.15 inf
364 18.2 inf
365 18.25 inf
366 18.3 inf
367 18.35 inf
368 18.4 inf
369 18.45 inf
370 18.5 inf
371 18.55 inf
372 18.6 inf
373 18.65 inf
374 18.7 inf
375 18.75 inf
376 18.8 inf
377 18.85 inf
378 18.9 inf
379 18.95 inf
380 19 inf
381 19.05 inf
382 19.1 inf
383 19.15 inf
384 19.2 inf
385 19.25 inf
386 19.3 inf
387 19.35 inf
388 19.4 inf
389 19.45 inf
390 19.5 inf
391 19.55 inf
392 19.6 inf
393 19.65 inf
394 19.7 inf
395 19.75 inf
396 19.8 inf
397 19.85 inf
398 19.9 inf
399 19.95 inf
400 20 inf
401 20.05 inf
402 20.1 inf
403 20.15 inf
404 20.2 inf
405 20.25 inf
406 20.3 inf
407 20.35 inf
408 20.4 inf
409 20.45 inf
410 20.5 inf
411 20.55 inf
412 20.6 inf
413 20.65 inf
414 20.7 inf
415 20.75 inf
416 20.8 inf
417 20.85 inf
418 20.9 inf
419 20.95 inf
420 21 inf
421 21.05 inf
422 21.1 inf
423 21.15 inf
424 21.2 inf
425 21.25 inf
426 21.3 inf
427 21.35 inf
428 21.4 inf
429 21.45 inf
430 21.5 inf
431 21.55 inf
432 21.6 inf
433 21.65 inf
434 21.7 inf
435 21.75 inf
436 21.8 inf
437 21.85 inf
438 21.9 inf
439 21.95 inf
440 22 inf
441 22.05 inf
442 22.1 inf
443 22.15 inf
444 22.2 inf
445 22.25 inf
446 22.3 inf
447 22.35 inf
448 22.4 inf
449 22.45 inf
450 22.5 inf
451 22.55 inf
452 22.6 inf
453 22.65 inf
454 22.7 inf
455 22.75 inf
456 22.8 inf
457 22.85 inf
458 22.9 inf
459 22.95 inf
460 23 inf
461 23.05 inf
462 23.1 inf
463 23.15 inf
464 23.2 inf
465 23.25 inf
466 23.3 inf
467 23.35 inf
468 23.4 inf
469 23.45 inf
470 23.5 inf
471 23.55 inf
472 23.6 inf
473 23.65 inf
474 23.7 inf
475 23.75 inf
476 23.8 inf
477 23.85 inf
478 23.9 inf
479 23.95 inf
480 24 inf
481 24.05 inf
482 24.1 inf
483 24.15 inf
484 24.2 inf
485 24.25 inf
486 24.3 inf
487 24.35 inf
488 24.4 inf
489 24.45 inf
490 24.5 inf
491 24.55 inf
492 24.6 inf
493 24.65 inf
494 24.7 inf
495 24.75 inf
496 24.8 inf
497 24.85 inf
498 24.9 inf
499 24.95 inf
500 25 inf
501 25.05 inf
502 25.1 inf
503 25.15 inf
504 25.2 inf
505 25.25 inf
506 25.3 inf
507 25.35 inf
508 25.4 inf
509 25.45 inf
510 25.5 inf
511 25.55 inf
512 25.6 inf
513 25.65 inf
514 25.7 inf
515 25.75 inf
516 25.8 inf
517 25.85 inf
518 25.9 inf
519 25.95 inf
520 26 inf
521 26.05 inf
522 26.1 inf
523 26.15 inf
524 26.2 inf
525 26.25 inf
526 26.3 inf
527 26.35 inf
528 26.4 inf
529 26.45 inf
530 26.5 inf
531 26.55 inf
532 26.6 inf
533 26.65 inf
534 26.7 inf
535 26.75 inf
536 26.8 inf
537 26.85 inf
538 26.9 inf
539 26.95 inf
540 27 inf
541 27.05 inf
542 27.1 inf
543 27.15 inf
544 27.2 inf
545 27.25 inf
546 27.3 inf
547 27.35 inf
548 27.4 inf
549 27.45 inf
550 27.5 inf
551 27.55 inf
552 27.6 inf
553 27.65 inf
554 27.7 inf
555 27.75 inf
556 27.8 inf
557 27.85 inf
558 27.9 inf
559 27.95 inf
560 28 inf
561 28.05 inf
562 28.1 inf
563 28.15 inf
564 28.2 inf
565 28.25 inf
566 28.3 inf
567 28.35 inf
568 28.4 inf
569 28.45 inf
570 28.5 inf
571 28.55 inf
572 28.6 inf
573 28.65 inf
574 28.7 inf
575 28.75 inf
576 28.8 inf
577 28.85 inf
578 28.9 inf
579 28.95 inf
580 29 inf
581 29.05 inf
582 29.1 inf
583 29.15 inf
584 29.2 inf
585 29.25 inf
586 29.3 inf
587 29.35 inf
588 29.4 inf
589 29.45 inf
590 29.5 inf
591 29.55 inf
592 29.6 inf
593 29.65 inf
594 29.7 inf
595 29.75 inf
596 29.8 inf
597 29.85 inf
598 29.9 inf
599 29.95 inf
600 30 inf
601 30.05 inf
602 30.1 inf
603 30.15 inf
604 30.2 inf
605 30.25 inf
606 30.3 inf
607 30.35 inf
608 30.4 inf
609 30.45 inf
610 30.5 inf
611 30.55 inf
612 30.6 inf
613 30.65 inf
614 30.7 inf
615 30.75 inf
616 30.8 inf
617 30.85 inf
618 30.9 inf
619 30.95 inf
620 31 inf
621 31.05 inf
622 31.1 inf
623 31.15 inf
624 31.2 inf
625 31.25 inf
626 31.3 inf
627 31.35 inf
628 31.4 inf
629 31.45 inf
630 31.5 inf
631 31.55 inf
632 31.6 inf
633 31.65 inf
634 31.7 inf
635 31.75 inf
636 31.8 inf
637 31.85 inf
638 31.9 inf
639 31.95 inf
640 32 inf
641 32.05 inf
642 32.1 inf
643 32.15 inf
644 32.2 inf
645 32.25 inf
646 32.3 inf
647 32.35 inf
648 32.4 inf
649 32.45 inf
650 32.5 inf
651 32.55 inf
652 32.6 inf
653 32.65 inf
654 32.7 inf
655 32.75 inf
656 32.8 inf
657 32.85 inf
658 32.9 inf
659 32.95 inf
660 33 inf
661 33.05 inf
662 33.1 inf
663 33.15 inf
664 33.2 inf
665 33.25 inf
666 33.3 inf
667 33.35 inf
668 33.4 inf
669 33.45 inf
670 33.5 inf
671 33.55 inf
672 33.6 inf
673 33.65 inf
674 33.7 inf
675 33.75 inf
676 33.8 inf
677 33.85 inf
678 33.9 inf
679 33.95 inf
680 34 inf
681 34.05 inf
682 34.1 inf
683 34.15 inf
684 34.2 inf
685 34.25 inf
686 34.3 inf
687 34.35 inf
688 34.4 inf
689 34.45 inf
690 34.5 inf
691 34.55 inf
692 34.6 inf
693 34.65 inf
694 34.7 inf
695 34.75 inf
696 34.8 inf
697 34.85 inf
698 34.9 inf
699 34.95 inf
700 35 inf
701 35.05 inf
702 35.1 inf
703 35.15 inf
704 35.2 inf
705 35.25 inf
706 35.3 inf
707 35.35 inf
708 35.4 inf
709 35.45 inf
710 35.5 inf
711 35.55 inf
712 35.6 inf
713 35.65 inf
714 35.7 inf
715 35.75 inf
716 35.8 inf
717 35.85 inf
718 35.9 inf
719 35.95 inf
720 36 inf
721 36.05 inf
722 36.1 inf
723 36.15 inf
724 36.2 inf
725 36.25 inf
726 36.3 inf
727 36.35 inf
728 36.4 inf
729 36.45 inf
730 36.5 inf
731 36.55 inf
732 36.6 inf
733 36.65 inf
734 36.7 inf
735 36.75 inf
736 36.8 inf
737 36.85 inf
738 36.9 inf
739 36.95 inf
740 37 inf
741 37.05 inf
742 37.1 inf
743 37.15 inf
744 37.2 inf
745 37.25 inf
746 37.3 inf
747 37.35 inf
748 37.4 inf
749 37.45 inf
750 37.5 inf
751 37.55 inf
752 37.6 inf
753 37.65 inf
754 37.7 inf
755 37.75 inf
756 37.8 inf
757 37.85 inf
758 37.9 inf
759 37.95 inf
760 38 inf
761 38.05 inf
762 38.1 inf
763 38.15 inf
764 38.2 inf
765 38.25 inf
766 38.3 inf
767 38.35 inf
768 38.4 inf
769 38.45 inf
770 38.5 inf
771 38.55 inf
772 38.6 inf
773 38.65 inf
774 38.7 inf
775 38.75 inf
776 38.8 inf
777 38.85 inf
778 38.9 inf
779 38.95 inf
780 39 inf
781 39.05 inf
782 39.1 inf
783 39.15 inf
784 39.2 inf
785 39.25 inf
786 39.3 inf
787 39.35 inf
788 39.4 inf
789 39.45 inf
790 39.5 inf
791 39.55 inf
792 39.6 inf
793 39.65 inf
794 39.7 inf
795 39.75 inf
796 39.8 inf
797 39.85 inf
798 39.9 inf
799 39.95 inf
800 40 inf
801 40.05 inf
802 40.1 inf
803 40.15 inf
804 40.2 inf
805 40.25 inf
806 40.3 inf
807 40.35 inf
808 40.4 inf
809 40.45 inf
810 40.5 inf
811 40.55 inf
812 40.6 inf
813 40.65 inf
814 40.7 inf
815 40.75 inf
816 40.8 inf
817 40.85 inf
818 40.9 inf
819 40.95 inf
820 41 inf
821 41.05 inf
822 41.1 inf
823 41.15 inf
824 41.2 inf
825 41.25 inf
826 41.3 inf
827 41.35 inf
828 41.4 inf
829 41.45 inf
830 41.5 inf
831 41.55 inf
832 41.6 inf
833 41.65 inf
834 41.7 inf
835 41.75 inf
836 41.8 inf
837 41.85 inf
838 41.9 inf
839 41.95 inf
840 42 inf
841 42.05 inf
842 42.1 inf
843 42.15 inf
844 42.2 inf
845 42.25 inf
846 42.3 inf
847 42.35 inf
848 42.4 inf
849 42.45 inf
850 42.5 inf
851 42.55 inf
852 42.6 inf
853 42.65 inf
854 42.7 inf
855 42.75 inf
856 42.8 inf
857 42.85 inf
858 42.9 inf
859 42.95 inf
860 43 inf
861 43.05 inf
862 43.1 inf
863 43.15 inf
864 43.2 inf
865 43.25 inf
866 43.3 inf
867 43.35 inf
868 43.4 inf
869 43.45 inf
870 43.5 inf
871 43.55 inf
872 43.6 inf
873 43.65 inf
874 43.7 inf
875 43.75 inf
876 43.8 inf
877 43.85 inf
878 43.9 inf
879 43.95 inf
880 44 inf
881 44.05 inf
882 44.1 inf
883 44.15 inf
884 44.2 inf
885 44.25 inf
886 44.3 inf
887 44.35 inf
888 44.4 inf
889 44.45 inf
890 44.5 inf
891 44.55 inf
892 44.6 inf
893 44.65 inf
894 44.7 inf
895 44.75 inf
896 44.8 inf
897 44.85 inf
898 44.9 inf
899 44.95 inf
900 45 inf
901 45.05 inf
902 45.1 inf
903 45.15 inf
904 45.2 inf
905 45.25 inf
906 45.3 inf
907 45.35 inf
908 45.4 inf
909 45.45 inf
910 45.5 inf
911 45.55 inf
912 45.6 inf
913 45.65 inf
914 45.7 inf
915 45.75 inf
916 45.8 inf
917 45.85 inf
918 45.9 inf
919 45.95 inf
920 46 inf
921 46.05 inf
922 46.1 inf
923 46.15 inf
924 46.2 inf
925 46.25 inf
926 46.3 inf
927 46.35 inf
928 46.4 inf
929 46.45 inf
930 46.5 inf
931 46.55 inf
932 46.6 inf
933 46.65 inf
934 46.7 inf
935 46.75 inf
936 46.8 inf
937 46.85 inf
938 46.9 inf
939 46.95 inf
940 47 inf
941 47.05 inf
942 47.1 inf
943 47.15 inf
944 47.2 inf
945 47.25 inf
946 47.3 inf
947 47.35 inf
948 47.4 inf
949 47.45 inf
950 47.5 inf
951 47.55 inf
952 47.6 inf
953 47.65 inf
954 47.7 inf
955 47.75 inf
956 47.8 inf
957 47.85 inf
958 47.9 inf
959 47.95 inf
960 48 inf
961 48.05 inf
962 48.1 inf
963 48.15 inf
964 48.2 inf
965 48.25 inf
966 48.3 inf
967 48.35 inf
968 48.4 inf
969 48.45 inf
970 48.5 inf
971 48.55 inf
972 48.6 inf
973 48.65 inf
974 48.7 inf
975 48.75 inf
976 48.8 inf
977 48.85 inf
978 48.9 inf
979 48.95 inf
980 49 inf
981 49.05 inf
982 49.1 inf
983 49.15 inf
984 49.2 inf
985 49.25 inf
986 49.3 inf
987 49.35 inf
988 49.4 inf
989 49.45 inf
990 49.5 inf
991 49.55 inf
992 49.6 inf
993 49.65 inf
994 49.7 inf
995 49.75 inf
996 49.8 inf
997 49.85 inf
998 49.9 inf
999 49.95 inf
1000 50 inf
1001 50.05 inf
1002 50.1 inf
1003 50.15 inf
1004 50.2 inf
1005 50.25 inf
1006 50.3 inf
1007 50.35 inf
1008 50.4 inf
1009 50.45 inf
1010 50.5 inf
1011 50.55 inf
1012 50.6 inf
1013 50.65 inf
1014 50.7 inf
1015 50.75 inf
1016 50.8 inf
1017 50.85 inf
1018 50.9 inf
1019 50.95 inf
1020 51 inf
1021 51.05 inf
1022 51.1 inf
1023 51.15 inf
1024 51.2 inf
1025 51.25 inf
1026 51.3 inf
1027 51.35 inf
1028 51.4 inf
1029 51.45 inf
1030 51.5 inf
1031 51.55 inf
1032 51.6 inf
1033 51.65 inf
1034 51.7 inf
1035 51.75 inf
1036 51.8 inf
1037 51.85 inf
1038 51.9 inf
1039 51.95 inf
1040 52 inf
1041 52.05 inf
1042 52.1 inf
1043 52.15 inf
1044 52.2 inf
1045 52.25 inf
1046 52.3 inf
1047 52.35 inf
1048 52.4 inf
1049 52.45 inf
1050 52.5 inf
1051 52.55 inf
1052 52.6 inf
1053 52.65 inf
1054 52.7 inf
1055 52.75 inf
1056 52.8 inf
1057 52.85 inf
1058 52.9 inf
1059 52.95 inf
1060 53 inf
1061 53.05 inf
1062 53.1 inf
1063 53.15 inf
1064 53.2 inf
1065 53.25 inf
1066 53.3 inf
1067 53.35 inf
1068 53.4 inf
1069 53.45 inf
1070 53.5 inf
1071 53.55 inf
1072 53.6 inf
1073 53.65 inf
1074 53.7 inf
1075 53.75 inf
1076 53.8 inf
1077 53.85 inf
1078 53.9 inf
1079 53.95 inf
1080 54 inf
1081 54.05 inf
1082 54.1 inf
1083 54.15 inf
1084 54.2 inf
1085 54.25 inf
1086 54.3 inf
1087 54.35 inf
1088 54.4 inf
1089 54.45 inf
1090 54.5 inf
1091 54.55 inf
1092 54.6 inf
1093 54.65 inf
1094 54.7 inf
1095 54.75 inf
1096 54.8 inf
1097 54.85 inf
1098 54.9 inf
1099 54.95 inf
1100 55 inf
1101 55.05 inf
1102 55.1 inf
1103 55.15 inf
1104 55.2 inf
1105 55.25 inf
1106 55.3 inf
1107 55.35 inf
1108 55.4 inf
1109 55.45 inf
1110 55.5 inf
1111 55.55 inf
1112 55.6 inf
1113 55.65 inf
1114 55.7 inf
1115 55.75 inf
1116 55.8 inf
1117 55.85 inf
1118 55.9 inf
1119 55.95 inf
1120 56 inf
1121 56.05 inf
1122 56.1 inf
1123 56.15 inf
1124 56.2 inf
1125 56.25 inf
1126 56.3 inf
1127 56.35 inf
1128 56.4 inf
1129 56.45 inf
1130 56.5 inf
1131 56.55 inf
1132 56.6 inf
1133 56.65 inf
1134 56.7 inf
1135 56.75 inf
1136 56.8 inf
1137 56.85 inf
1138 56.9 inf
1139 56.95 inf
1140 57 inf
1141 57.05 inf
1142 57.1 inf
1143 57.15 inf
1144 57.2 inf
1145 57.25 inf
1146 57.3 inf
1147 57.35 inf
1148 57.4 inf
1149 57.45 inf
1150 57.5 inf
1151 57.55 inf
1152 57.6 inf
1153 57.65 inf
1154 57.7 inf
1155 57.75 inf
1156 57.8 inf
1157 57.85 inf
1158 57.9 inf
1159 57.95 inf
1160 58 inf
1161 58.05 inf
1162 58.1 inf
1163 58.15 inf
1164 58.2 inf
1165 58.25 inf
1166 58.3 inf
1167 58.35 inf
1168 58.4 inf
1169 58.45 inf
1170 58.5 inf
1171 58.55 inf
1172 58.6 inf
1173 58.65 inf
1174 58.7 inf
1175 58.75 inf
1176 58.8 inf
1177 58.85 inf
1178 58.9 inf
1179 58.95 inf
1180 59 inf
1181 59.05 inf
1182 59.1 inf
1183 59.15 inf
1184 59.2 inf
1185 59.25 inf
1186 59.3 inf
1187 59.35 inf
1188 59.4 inf
1189 59.45 inf
1190 59.5 inf
1191 59.55 inf
1192 59.6 inf
1193 59.65 inf
1194 59.7 inf
1195 59.75 inf
1196 59.8 inf
1197 59.85 inf
1198 59.9 inf
1199 59.95 inf
1200 60 inf
1201 60.05 inf
1202 60.1 inf
1203 60.15 inf
1204 60.2 inf
1205 60.25 inf
1206 60.3 inf
1207 60.35 inf
1208 60.4 inf
1209 60.45 inf
1210 60.5 inf
1211 60.55 inf
1212 60.6 inf
1213 60.65 inf
1214 60.7 inf
1215 60.75 inf
1216 60.8 inf
1217 60.85 inf
1218 60.9 inf
1219 60.95 inf
1220 61 inf
1221 61.05 inf
1222 61.1 inf
1223 61.15 inf
1224 61.2 inf
1225 61.25 inf
1226 61.3 inf
1227 61.35 inf
1228 61.4 inf
1229 61.45 inf
1230 61.5 inf
1231 61.55 inf
1232 61.6 inf
1233 61.65 inf
1234 61.7 inf
1235 61.75 inf
1236 61.8 inf
1237 61.85 inf
1238 61.9 inf
1239 61.95 inf
1240 62 inf
1241 62.05 inf
1242 62.1 inf
1243 62.15 inf
1244 62.2 inf
1245 62.25 inf
1246 62.3 inf
1247 62.35 inf
1248 62.4 inf
1249 62.45 inf
1250 62.5 inf
1251 62.55 inf
1252 62.6 inf
1253 62.65 inf
1254 62.7 inf
1255 62.75 inf
1256 62.8 inf
1257 62.85 inf
1258 62.9 inf
1259 62.95 inf
1260 63 inf
1261 63.05 inf
1262 63.1 inf
1263 63.15 inf
1264 63.2 inf
1265 63.25 inf
1266 63.3 inf
1267 63.35 inf
1268 63.4 inf
1269 63.45 inf
1270 63.5 inf
1271 63.55 inf
1272 63.6 inf
1273 63.65 inf
1274 63.7 inf
1275 63.75 inf
1276 63.8 inf
1277 63.85 inf
1278 63.9 inf
1279 63.95 inf
1280 64 inf
1281 64.05 inf
1282 64.1 inf
1283 64.15 inf
1284 64.2 inf
1285 64.25 inf
1286 64.3 inf
1287 64.35 inf
1288 64.4 inf
1289 64.45 inf
1290 64.5 inf
1291 64.55 inf
1292 64.6 inf
1293 64.65 inf
1294 64.7 inf
1295 64.75 inf
1296 64.8 inf
1297 64.85 inf
1298 64.9 inf
1299 64.95 inf
1300 65 inf
1301 65.05 inf
1302 65.1 inf
1303 65.15 inf
1304 65.2 inf
1305 65.25 inf
1306 65.3 inf
1307 65.35 inf
1308 65.4 inf
1309 65.45 inf
1310 65.5 inf
1311 65.55 inf
1312 65.6 inf
1313 65.65 inf
1314 65.7 inf
1315 65.75 inf
1316 65.8 inf
1317 65.85 inf
1318 65.9 inf
1319 65.95 inf
1320 66 inf
1321 66.05 inf
1322 66.1 inf
1323 66.15 inf
1324 66.2 inf
1325 66.25 inf
1326 66.3 inf
1327 66.35 inf
1328 66.4 inf
1329 66.45 inf
1330 66.5 inf
1331 66.55 inf
1332 66.6 inf
1333 66.65 inf
1334 66.7 inf
1335 66.75 inf
1336 66.8 inf
1337 66.85 inf
1338 66.9 inf
1339 66.95 inf
1340 67 inf
1341 67.05 inf
1342 67.1 inf
1343 67.15 inf
1344 67.2 inf
1345 67.25 inf
1346 67.3 inf
1347 67.35 inf
1348 67.4 inf
1349 67.45 inf
1350 67.5 inf
1351 67.55 inf
1352 67.6 inf
1353 67.65 inf
1354 67.7 inf
1355 67.75 inf
1356 67.8 inf
1357 67.85 inf
1358 67.9 inf
1359 67.95 inf
1360 68 inf
1361 68.05 inf
1362 68.1 inf
1363 68.15 inf
1364 68.2 inf
1365 68.25 inf
1366 68.3 inf
1367 68.35 inf
1368 68.4 inf
1369 68.45 inf
1370 68.5 inf
1371 68.55 inf
1372 68.6 inf
1373 68.65 inf
1374 68.7 inf
1375 68.75 inf
1376 68.8 inf
1377 68.85 inf
1378 68.9 inf
1379 68.95 inf
1380 69 inf
1381 69.05 inf
1382 69.1 inf
1383 69.15 inf
1384 69.2 inf
1385 69.25 inf
1386 69.3 inf
1387 69.35 inf
1388 69.4 inf
1389 69.45 inf
1390 69.5 inf
1391 69.55 inf
1392 69.6 inf
1393 69.65 inf
1394 69.7 inf
1395 69.75 inf
1396 69.8 inf
1397 69.85 inf
1398 69.9 inf
1399 69.95 inf
1400 70 inf
1401 70.05 inf
1402 70.1 inf
1403 70.15 inf
1404 70.2 inf
1405 70.25 inf
1406 70.3 inf
1407 70.35 inf
1408 70.4 inf
1409 70.45 inf
1410 70.5 inf
1411 70.55 inf
1412 70.6 inf
1413 70.65 inf
1414 70.7 inf
1415 70.75 inf
1416 70.8 inf
1417 70.85 inf
1418 70.9 inf
1419 70.95 inf
1420 71 inf
1421 71.05 inf
1422 71.1 inf
1423 71.15 inf
1424 71.2 inf
1425 71.25 inf
1426 71.3 inf
1427 71.35 inf
1428 71.4 inf
1429 71.45 inf
1430 71.5 inf
1431 71.55 inf
1432 71.6 inf
1433 71.65 inf
1434 71.7 inf
1435 71.75 inf
1436 71.8 inf
1437 71.85 inf
1438 71.9 inf
1439 71.95 inf
1440 72 inf
1441 72.05 inf
1442 72.1 inf
1443 72.15 inf
1444 72.2 inf
1445 72.25 inf
1446 72.3 inf
1447 72.35 inf
1448 72.4 inf
1449 72.45 inf
1450 72.5 inf
1451 72.55 inf
1452 72.6 inf
1453 72.65 inf
1454 72.7 inf
1455 72.75 inf
1456 72.8 inf
1457 72.85 inf
1458 72.9 inf
1459 72.95 inf
1460 73 inf
1461 73.05 inf
1462 73.1 inf
1463 73.15 inf
1464 73.2 inf
1465 73.25 inf
1466 73.3 inf
1467 73.35 inf
1468 73.4 inf
1469 73.45 inf
1470 73.5 inf
1471 73.55 inf
1472 73.6 inf
1473 73.65 inf
1474 73.7 inf
1475 73.75 inf
1476 73.8 inf
1477 73.85 inf
1478 73.9 inf
1479 73.95 inf
1480 74 inf
1481 74.05 inf
1482 74.1 inf
1483 74.15 inf
1484 74.2 inf
1485 74.25 inf
1486 74.3 inf
1487 74.35 inf
1488 74.4 inf
1489 74.45 inf
1490 74.5 inf
1491 74.55 inf
1492 74.6 inf
1493 74.65 inf
1494 74.7 inf
1495 74.75 inf
1496 74.8 inf
1497 74.85 inf
1498 74.9 inf
1499 74.95 inf
1500 75 inf
1501 75.05 inf
1502 75.1 inf
1503 75.15 inf
1504 75.2 inf
1505 75.25 inf
1506 75.3 inf
1507 75.35 inf
1508 75.4 inf
1509 75.45 inf
1510 75.5 inf
1511 75.55 inf
1512 75.6 inf
1513 75.65 inf
1514 75.7 inf
1515 75.75 inf
1516 75.8 inf
1517 75.85 inf
1518 75.9 inf
1519 75.95 inf
1520 76 inf
1521 76.05 inf
1522 76.1 inf
1523 76.15 inf
1524 76.2 inf
1525 76.25 inf
1526 76.3 inf
1527 76.35 inf
1528 76.4 inf
1529 76.45 inf
1530 76.5 inf
1531 76.55 inf
1532 76.6 inf
1533 76.65 inf
1534 76.7 inf
1535 76.75 inf
1536 76.8 inf
1537 76.85 inf
1538 76.9 inf
1539 76.95 inf
1540 77 inf
1541 77.05 inf
1542 77.1 inf
1543 77.15 inf
1544 77.2 inf
1545 77.25 inf
1546 77.3 inf
1547 77.35 inf
1548 77.4 inf
1549 77.45 inf
1550 77.5 inf
1551 77.55 inf
1552 77.6 inf
1553 77.65 inf
1554 77.7 inf
1555 77.75 inf
1556 77.8 inf
1557 77.85 inf
1558 77.9 inf
1559 77.95 inf
1560 78 inf
1561 78.05 inf
1562 78.1 inf
1563 78.15 inf
1564 78.2 inf
1565 78.25 inf
1566 78.3 inf
1567 78.35 inf
1568 78.4 inf
1569 78.45 inf
1570 78.5 inf
1571 78.55 inf
1572 78.6 inf
1573 78.65 inf
1574 78.7 inf
1575 78.75 inf
1576 78.8 inf
1577 78.85 inf
1578 78.9 inf
1579 78.95 inf
1580 79 inf
1581 79.05 inf
1582 79.1 inf
1583 79.15 inf
1584 79.2 inf
1585 79.25 inf
1586 79.3 inf
1587 79.35 inf
1588 79.4 inf
1589 79.45 inf
1590 79.5 inf
1591 79.55 inf
1592 79.6 inf
1593 79.65 inf
1594 79.7 inf
1595 79.75 inf
1596 79.8 inf
1597 79.85 inf
1598 79.9 inf
1599 79.95 inf
1600 80 inf
1601 80.05 inf
1602 80.1 inf
1603 80.15 inf
1604 80.2 inf
1605 80.25 inf
1606 80.3 inf
1607 80.35 inf
1608 80.4 inf
1609 80.45 inf
1610 80.5 inf
1611 80.55 inf
1612 80.6 inf
1613 80.65 inf
1614 80.7 inf
1615 80.75 inf
1616 80.8 inf
1617 80.85 inf
1618 80.9 inf
1619 80.95 inf
1620 81 inf
1621 81.05 inf
1622 81.1 inf
1623 81.15 inf
1624 81.2 inf
1625 81.25 inf
1626 81.3 inf
1627 81.35 inf
1628 81.4 inf
1629 81.45 inf
1630 81.5 inf
1631 81.55 inf
1632 81.6 inf
1633 81.65 inf
1634 81.7 inf
1635 81.75 inf
1636 81.8 inf
1637 81.85 inf
1638 81.9 inf
1639 81.95 inf
1640 82 inf
1641 82.05 inf
1642 82.1 inf
1643 82.15 inf
1644 82.2 inf
1645 82.25 inf
1646 82.3 inf
1647 82.35 inf
1648 82.4 inf
1649 82.45 inf
1650 82.5 inf
1651 82.55 inf
1652 82.6 inf
1653 82.65 inf
1654 82.7 inf
1655 82.75 inf
1656 82.8 inf
1657 82.85 inf
1658 82.9 inf
1659 82.95 inf
1660 83 inf
1661 83.05 inf
1662 83.1 inf
1663 83.15 inf
1664 83.2 inf
1665 83.25 inf
1666 83.3 inf
1667 83.35 inf
1668 83.4 inf
1669 83.45 inf
1670 83.5 inf
1671 83.55 inf
1672 83.6 inf
1673 83.65 inf
1674 83.7 inf
1675 83.75 inf
1676 83.8 inf
1677 83.85 inf
1678 83.9 inf
1679 83.95 inf
1680 84 inf
1681 84.05 inf
1682 84.1 inf
1683 84.15 inf
1684 84.2 inf
1685 84.25 inf
1686 84.3 inf
1687 84.35 inf
1688 84.4 inf
1689 84.45 inf
1690 84.5 inf
1691 84.55 inf
1692 84.6 inf
1693 84.65 inf
1694 84.7 inf
1695 84.75 inf
1696 84.8 inf
1697 84.85 inf
1698 84.9 inf
1699 84.95 inf
1700 85 inf
1701 85.05 inf
1702 85.1 inf
1703 85.15 inf
1704 85.2 inf
1705 85.25 inf
1706 85.3 inf
1707 85.35 inf
1708 85.4 inf
1709 85.45 inf
1710 85.5 inf
1711 85.55 inf
1712 85.6 inf
1713 85.65 inf
1714 85.7 inf
1715 85.75 inf
1716 85.8 inf
1717 85.85 inf
1718 85.9 inf
1719 85.95 inf
1720 86 inf
1721 86.05 inf
1722 86.1 inf
1723 86.15 inf
1724 86.2 inf
1725 86.25 inf
1726 86.3 inf
1727 86.35 inf
1728 86.4 inf
1729 86.45 inf
1730 86.5 inf
1731 86.55 inf
1732 86.6 inf
1733 86.65 inf
1734 86.7 inf
1735 86.75 inf
1736 86.8 inf
1737 86.85 inf
1738 86.9 inf
1739 86.95 inf
1740 87 inf
1741 87.05 inf
1742 87.1 inf
1743 87.15 inf
1744 87.2 inf
1745 87.25 inf
1746 87.3 inf
1747 87.35 inf
1748 87.4 inf
1749 87.45 inf
1750 87.5 inf
1751 87.55 inf
1752 87.6 inf
1753 87.65 inf
1754 87.7 inf
1755 87.75 inf
1756 87.8 inf
1757 87.85 inf
1758 87.9 inf
1759 87.95 inf
1760 88 inf
1761 88.05 inf
1762 88.1 inf
1763 88.15 inf
1764 88.2 inf
1765 88.25 inf
1766 88.3 inf
1767 88.35 inf
1768 88.4 inf
1769 88.45 inf
1770 88.5 inf
1771 88.55 inf
1772 88.6 inf
1773 88.65 inf
1774 88.7 inf
1775 88.75 inf
1776 88.8 inf
1777 88.85 inf
1778 88.9 inf
1779 88.95 inf
1780 89 inf
1781 89.05 inf
1782 89.1 inf
1783 89.15 inf
1784 89.2 inf
1785 89.25 inf
1786 89.3 inf
1787 89.35 inf
1788 89.4 inf
1789 89.45 inf
1790 89.5 inf
1791 89.55 inf
1792 89.6 inf
1793 89.65 inf
1794 89.7 inf
1795 89.75 inf
1796 89.8 inf
1797 89.85 inf
1798 89.9 inf
1799 89.95 inf
1800 90 inf
1801 90.05 inf
1802 90.1 inf
1803 90.15 inf
1804 90.2 inf
1805 90.25 inf
1806 90.3 inf
1807 90.35 inf
1808 90.4 inf
1809 90.45 inf
1810 90.5 inf
1811 90.55 inf
1812 90.6 inf
1813 90.65 inf
1814 90.7 inf
1815 90.75 inf
1816 90.8 inf
1817 90.85 inf
1818 90.9 inf
1819 90.95 inf
1820 91 inf
1821 91.05 inf
1822 91.1 inf
1823 91.15 inf
1824 91.2 inf
1825 91.25 inf
1826 91.3 inf
1827 91.35 inf
1828 91.4 inf
1829 91.45 inf
1830 91.5 inf
1831 91.55 inf
1832 91.6 inf
1833 91.65 inf
1834 91.7 inf
1835 91.75 inf
1836 91.8 inf
1837 91.85 inf
1838 91.9 inf
1839 91.95 inf
1840 92 inf
1841 92.05 inf
1842 92.1 inf
1843 92.15 inf
1844 92.2 inf
1845 92.25 inf
1846 92.3 inf
1847 92.35 inf
1848 92.4 inf
1849 92.45 inf
1850 92.5 inf
1851 92.55 inf
1852 92.6 inf
1853 92.65 inf
1854 92.7 inf
1855 92.75 inf
1856 92.8 inf
1857 92.85 inf
1858 92.9 inf
1859 92.95 inf
1860 93 inf
1861 93.05 inf
1862 93.1 inf
1863 93.15 inf
1864 93.2 inf
1865 93.25 inf
1866 93.3 inf
1867 93.35 inf
1868 93.4 inf
1869 93.45 inf
1870 93.5 inf
1871 93.55 inf
1872 93.6 inf
1873 93.65 inf
1874 93.7 inf
1875 93.75 inf
1876 93.8 inf
1877 93.85 inf
1878 93.9 inf
1879 93.95 inf
1880 94 inf
1881 94.05 inf
1882 94.1 inf
1883 94.15 inf
1884 94.2 inf
1885 94.25 inf
1886 94.3 inf
1887 94.35 inf
1888 94.4 inf
1889 94.45 inf
1890 94.5 inf
1891 94.55 inf
1892 94.6 inf
1893 94.65 inf
1894 94.7 inf
1895 94.75 inf
1896 94.8 inf
1897 94.85 inf
1898 94.9 inf
1899 94.95 inf
1900 95 inf
1901 95.05 inf
1902 95.1 inf
1903 95.15 inf
1904 95.2 inf
1905 95.25 inf
1906 95.3 inf
1907 95.35 inf
1908 95.4 inf
1909 95.45 inf
1910 95.5 inf
1911 95.55 inf
1912 95.6 inf
1913 95.65 inf
1914 95.7 inf
1915 95.75 inf
1916 95.8 inf
1917 95.85 inf
1918 95.9 inf
1919 95.95 inf
1920 96 inf
1921 96.05 inf
1922 96.1 inf
1923 96.15 inf
1924 96.2 inf
1925 96.25 inf
1926 96.3 inf
1927 96.35 inf
1928 96.4 inf
1929 96.45 inf
1930 96.5 inf
1931 96.55 inf
1932 96.6 inf
1933 96.65 inf
1934 96.7 inf
1935 96.75 inf
1936 96.8 inf
1937 96.85 inf
1938 96.9 inf
1939 96.95 inf
1940 97 inf
1941 97.05 inf
1942 97.1 inf
1943 97.15 inf
1944 97.2 inf
1945 97.25 inf
1946 97.3 inf
1947 97.35 inf
1948 97.4 inf
1949 97.45 inf
1950 97.5 inf
1951 97.55 inf
1952 97.6 inf
1953 97.65 inf
1954 97.7 inf
1955 97.75 inf
1956 97.8 inf
1957 97.85 inf
1958 97.9 inf
1959 97.95 inf
1960 98 inf
1961 98.05 inf
1962 98.1 inf
1963 98.15 inf
1964 98.2 inf
1965 98.25 inf
1966 98.3 inf
1967 98.35 inf
1968 98.4 inf
1969 98.45 inf
1970 98.5 inf
1971 98.55 inf
1972 98.6 inf
1973 98.65 inf
1974 98.7 inf
1975 98.75 inf
1976 98.8 inf
1977 98.85 inf
1978 98.9 inf
1979 98.95 inf
1980 99 inf
1981 99.05 inf
1982 99.1 inf
1983 99.15 inf
1984 99.2 inf
1985 99.25 inf
1986 99.3 inf
1987 99.35 inf
1988 99.4 inf
1989 99.45 inf
1990 99.5 inf
1991 99.55 inf
1992 99.6 inf
1993 99.65 inf
1994 99.7 inf
1995 99.75 inf
1996 99.8 inf
1997 99.85 inf
1998 99.9 inf
1999 99.95 inf
2000 100 inf
