0 0 0
0 0 0
1 0.0125664 1
1 0.0125664 1
2 0.0251327 0.012566
2 0.0251327 0.012566
3 0.0376991 0.999921
3 0.0376991 0.999921
4 0.0502655 0.0251301
4 0.0502655 0.0251301
5 0.0628319 0.999684
5 0.0628319 0.999684
6 0.0753982 0.0376902
6 0.0753982 0.0376902
7 0.0879646 0.999289
7 0.0879646 0.999289
8 0.100531 0.0502443
8 0.100531 0.0502443
9 0.113097 0.998737
9 0.113097 0.998737
10 0.125664 0.0627905
10 0.125664 0.0627905
11 0.13823 0.998027
11 0.13823 0.998027
12 0.150796 0.0753268
12 0.150796 0.0753268
13 0.163363 0.997159
13 0.163363 0.997159
14 0.175929 0.0878512
14 0.175929 0.0878512
15 0.188496 0.996134
15 0.188496 0.996134
16 0.201062 0.100362
16 0.201062 0.100362
17 0.213628 0.994951
17 0.213628 0.994951
18 0.226195 0.112856
18 0.226195 0.112856
19 0.238761 0.993611
19 0.238761 0.993611
20 0.251327 0.125333
20 0.251327 0.125333
21 0.263894 0.992115
21 0.263894 0.992115
22 0.27646 0.13779
22 0.27646 0.13779
23 0.289027 0.990461
23 0.289027 0.990461
24 0.301593 0.150226
24 0.301593 0.150226
25 0.314159 0.988652
25 0.314159 0.988652
26 0.326726 0.162637
26 0.326726 0.162637
27 0.339292 0.986686
27 0.339292 0.986686
28 0.351858 0.175023
28 0.351858 0.175023
29 0.364425 0.984564
29 0.364425 0.984564
30 0.376991 0.187381
30 0.376991 0.187381
31 0.389557 0.982287
31 0.389557 0.982287
32 0.402124 0.19971
32 0.402124 0.19971
33 0.41469 0.979855
33 0.41469 0.979855
34 0.427257 0.212007
34 0.427257 0.212007
35 0.439823 0.977268
35 0.439823 0.977268
36 0.452389 0.224271
36 0.452389 0.224271
37 0.464956 0.974527
37 0.464956 0.974527
38 0.477522 0.236499
38 0.477522 0.236499
39 0.490088 0.971632
39 0.490088 0.971632
40 0.502655 0.24869
40 0.502655 0.24869
41 0.515221 0.968583
41 0.515221 0.968583
42 0.527788 0.260842
42 0.527788 0.260842
43 0.540354 0.965382
43 0.540354 0.965382
44 0.55292 0.272952
44 0.55292 0.272952
45 0.565487 0.962028
45 0.565487 0.962028
46 0.578053 0.285019
46 0.578053 0.285019
47 0.590619 0.958522
47 0.590619 0.958522
48 0.603186 0.297042
48 0.603186 0.297042
49 0.615752 0.954865
49 0.615752 0.954865
50 0.628319 0.309017
50 0.628319 0.309017
51 0.640885 0.951057
51 0.640885 0.951057
52 0.653451 0.320944
52 0.653451 0.320944
53 0.666018 0.947098
53 0.666018 0.947098
54 0.678584 0.33282
54 0.678584 0.33282
55 0.69115 0.942991
55 0.69115 0.942991
56 0.703717 0.344643
56 0.703717 0.344643
57 0.716283 0.938734
57 0.716283 0.938734
58 0.728849 0.356412
58 0.728849 0.356412
59 0.741416 0.934329
59 0.741416 0.934329
60 0.753982 0.368125
60 0.753982 0.368125
61 0.766549 0.929776
61 0.766549 0.929776
62 0.779115 0.379779
62 0.779115 0.379779
63 0.791681 0.925077
63 0.791681 0.925077
64 0.804248 0.391374
64 0.804248 0.391374
65 0.816814 0.920232
65 0.816814 0.920232
66 0.82938 0.402906
66 0.82938 0.402906
67 0.841947 0.915241
67 0.841947 0.915241
68 0.854513 0.414376
68 0.854513 0.414376
69 0.86708 0.910106
69 0.86708 0.910106
70 0.879646 0.425779
70 0.879646 0.425779
71 0.892212 0.904827
71 0.892212 0.904827
72 0.904779 0.437116
72 0.904779 0.437116
73 0.917345 0.899405
73 0.917345 0.899405
74 0.929911 0.448383
74 0.929911 0.448383
75 0.942478 0.893841
75 0.942478 0.893841
76 0.955044 0.45958
76 0.955044 0.45958
77 0.967611 0.888136
77 0.967611 0.888136
78 0.980177 0.470704
78 0.980177 0.470704
79 0.992743 0.882291
79 0.992743 0.882291
80 1.00531 0.481754
80 1.00531 0.481754
81 1.01788 0.876307
81 1.01788 0.876307
82 1.03044 0.492727
82 1.03044 0.492727
83 1.04301 0.870184
83 1.04301 0.870184
84 1.05558 0.503623
84 1.05558 0.503623
85 1.06814 0.863923
85 1.06814 0.863923
86 1.08071 0.51444
86 1.08071 0.51444
87 1.09327 0.857527
87 1.09327 0.857527
88 1.10584 0.525175
88 1.10584 0.525175
89 1.11841 0.850994
89 1.11841 0.850994
90 1.13097 0.535827
90 1.13097 0.535827
91 1.14354 0.844328
91 1.14354 0.844328
92 1.15611 0.546394
92 1.15611 0.546394
93 1.16867 0.837528
93 1.16867 0.837528
94 1.18124 0.556876
94 1.18124 0.556876
95 1.19381 0.830596
95 1.19381 0.830596
96 1.20637 0.567269
96 1.20637 0.567269
97 1.21894 0.823533
97 1.21894 0.823533
98 1.2315 0.577573
98 1.2315 0.577573
99 1.24407 0.816339
99 1.24407 0.816339
100 1.25664 0.587785
100 1.25664 0.587785
101 1.2692 0.809017
101 1.2692 0.809017
102 1.28177 0.597905
102 1.28177 0.597905
103 1.29434 0.801567
103 1.29434 0.801567
104 1.3069 0.60793
104 1.3069 0.60793
105 1.31947 0.79399
105 1.31947 0.79399
106 1.33204 0.61786
106 1.33204 0.61786
107 1.3446 0.786288
107 1.3446 0.786288
108 1.35717 0.627691
108 1.35717 0.627691
109 1.36973 0.778462
109 1.36973 0.778462
110 1.3823 0.637424
110 1.3823 0.637424
111 1.39487 0.770513
111 1.39487 0.770513
112 1.40743 0.647056
112 1.40743 0.647056
113 1.42 0.762443
113 1.42 0.762443
114 1.43257 0.656586
114 1.43257 0.656586
115 1.44513 0.754251
115 1.44513 0.754251
116 1.4577 0.666012
116 1.4577 0.666012
117 1.47027 0.745941
117 1.47027 0.745941
118 1.48283 0.675333
118 1.48283 0.675333
119 1.4954 0.737513
119 1.4954 0.737513
120 1.50796 0.684547
120 1.50796 0.684547
121 1.52053 0.728969
121 1.52053 0.728969
122 1.5331 0.693653
122 1.5331 0.693653
123 1.54566 0.720309
123 1.54566 0.720309
124 1.55823 0.70265
124 1.55823 0.70265
125 1.5708 0.711536
125 1.5708 0.711536
126 1.58336 0.711536
126 1.58336 0.711536
127 1.59593 0.70265
127 1.59593 0.70265
128 1.6085 0.720309
128 1.6085 0.720309
129 1.62106 0.693653
129 1.62106 0.693653
130 1.63363 0.728969
130 1.63363 0.728969
131 1.64619 0.684547
131 1.64619 0.684547
132 1.65876 0.737513
132 1.65876 0.737513
133 1.67133 0.675333
133 1.67133 0.675333
134 1.68389 0.745941
134 1.68389 0.745941
135 1.69646 0.666012
135 1.69646 0.666012
136 1.70903 0.754251
136 1.70903 0.754251
137 1.72159 0.656586
137 1.72159 0.656586
138 1.73416 0.762443
138 1.73416 0.762443
139 1.74673 0.647056
139 1.74673 0.647056
140 1.75929 0.770513
140 1.75929 0.770513
141 1.77186 0.637424
141 1.77186 0.637424
142 1.78442 0.778462
142 1.78442 0.778462
143 1.79699 0.627691
143 1.79699 0.627691
144 1.80956 0.786288
144 1.80956 0.786288
145 1.82212 0.61786
145 1.82212 0.61786
146 1.83469 0.79399
146 1.83469 0.79399
147 1.84726 0.60793
147 1.84726 0.60793
148 1.85982 0.801567
148 1.85982 0.801567
149 1.87239 0.597905
149 1.87239 0.597905
150 1.88496 0.809017
150 1.88496 0.809017
151 1.89752 0.587785
151 1.89752 0.587785
152 1.91009 0.816339
152 1.91009 0.816339
153 1.92265 0.577573
153 1.92265 0.577573
154 1.93522 0.823533
154 1.93522 0.823533
155 1.94779 0.567269
155 1.94779 0.567269
156 1.96035 0.830596
156 1.96035 0.830596
157 1.97292 0.556876
157 1.97292 0.556876
158 1.98549 0.837528
158 1.98549 0.837528
159 1.99805 0.546394
159 1.99805 0.546394
160 2.01062 0.844328
160 2.01062 0.844328
161 2.02319 0.535827
161 2.02319 0.535827
162 2.03575 0.850994
162 2.03575 0.850994
163 2.04832 0.525175
163 2.04832 0.525175
164 2.06088 0.857527
164 2.06088 0.857527
165 2.07345 0.51444
165 2.07345 0.51444
166 2.08602 0.863923
166 2.08602 0.863923
167 2.09858 0.503623
167 2.09858 0.503623
168 2.11115 0.870184
168 2.11115 0.870184
169 2.12372 0.492727
169 2.12372 0.492727
170 2.13628 0.876307
170 2.13628 0.876307
171 2.14885 0.481754
171 2.14885 0.481754
172 2.16142 0.882291
172 2.16142 0.882291
173 2.17398 0.470704
173 2.17398 0.470704
174 2.18655 0.888136
174 2.18655 0.888136
175 2.19911 0.45958
175 2.19911 0.45958
176 2.21168 0.893841
176 2.21168 0.893841
177 2.22425 0.448383
177 2.22425 0.448383
178 2.23681 0.899405
178 2.23681 0.899405
179 2.24938 0.437116
179 2.24938 0.437116
180 2.26195 0.904827
180 2.26195 0.904827
181 2.27451 0.425779
181 2.27451 0.425779
182 2.28708 0.910106
182 2.28708 0.910106
183 2.29965 0.414376
183 2.29965 0.414376
184 2.31221 0.915241
184 2.31221 0.915241
185 2.32478 0.402906
185 2.32478 0.402906
186 2.33734 0.920232
186 2.33734 0.920232
187 2.34991 0.391374
187 2.34991 0.391374
188 2.36248 0.925077
188 2.36248 0.925077
189 2.37504 0.379779
189 2.37504 0.379779
190 2.38761 0.929776
190 2.38761 0.929776
191 2.40018 0.368125
191 2.40018 0.368125
192 2.41274 0.934329
192 2.41274 0.934329
193 2.42531 0.356412
193 2.42531 0.356412
194 2.43788 0.938734
194 2.43788 0.938734
195 2.45044 0.344643
195 2.45044 0.344643
196 2.46301 0.942991
196 2.46301 0.942991
197 2.47558 0.33282
197 2.47558 0.33282
198 2.48814 0.947098
198 2.48814 0.947098
199 2.50071 0.320944
199 2.50071 0.320944
200 2.51327 0.951057
200 2.51327 0.951057
201 2.52584 0.309017
201 2.52584 0.309017
202 2.53841 0.954865
202 2.53841 0.954865
203 2.55097 0.297042
203 2.55097 0.297042
204 2.56354 0.958522
204 2.56354 0.958522
205 2.57611 0.285019
205 2.57611 0.285019
206 2.58867 0.962028
206 2.58867 0.962028
207 2.60124 0.272952
207 2.60124 0.272952
208 2.61381 0.965382
208 2.61381 0.965382
209 2.62637 0.260842
209 2.62637 0.260842
210 2.63894 0.968583
210 2.63894 0.968583
211 2.6515 0.24869
211 2.6515 0.24869
212 2.66407 0.971632
212 2.66407 0.971632
213 2.67664 0.236499
213 2.67664 0.236499
214 2.6892 0.974527
214 2.6892 0.974527
215 2.70177 0.224271
215 2.70177 0.224271
216 2.71434 0.977268
216 2.71434 0.977268
217 2.7269 0.212007
217 2.7269 0.212007
218 2.73947 0.979855
218 2.73947 0.979855
219 2.75204 0.19971
219 2.75204 0.19971
220 2.7646 0.982287
220 2.7646 0.982287
221 2.77717 0.187381
221 2.77717 0.187381
222 2.78973 0.984564
222 2.78973 0.984564
223 2.8023 0.175023
223 2.8023 0.175023
224 2.81487 0.986686
224 2.81487 0.986686
225 2.82743 0.162637
225 2.82743 0.162637
226 2.84 0.988652
226 2.84 0.988652
227 2.85257 0.150226
227 2.85257 0.150226
228 2.86513 0.990461
228 2.86513 0.990461
229 2.8777 0.13779
229 2.8777 0.13779
230 2.89027 0.992115
230 2.89027 0.992115
231 2.90283 0.125333
231 2.90283 0.125333
232 2.9154 0.993611
232 2.9154 0.993611
233 2.92796 0.112856
233 2.92796 0.112856
234 2.94053 0.994951
234 2.94053 0.994951
235 2.9531 0.100362
235 2.9531 0.100362
236 2.96566 0.996134
236 2.96566 0.996134
237 2.97823 0.0878512
237 2.97823 0.0878512
238 2.9908 0.997159
238 2.9908 0.997159
239 3.00336 0.0753268
239 3.00336 0.0753268
240 3.01593 0.998027
240 3.01593 0.998027
241 3.0285 0.0627905
241 3.0285 0.0627905
242 3.04106 0.998737
242 3.04106 0.998737
243 3.05363 0.0502443
243 3.05363 0.0502443
244 3.06619 0.999289
244 3.06619 0.999289
245 3.07876 0.0376902
245 3.07876 0.0376902
246 3.09133 0.999684
246 3.09133 0.999684
247 3.10389 0.0251301
247 3.10389 0.0251301
248 3.11646 0.999921
248 3.11646 0.999921
249 3.12903 0.012566
249 3.12903 0.012566
250 3.14159 1
250 3.14159 1
251 3.15416 3.26403e-10
251 3.15416 3.26403e-10
252 3.16673 0.999921
252 3.16673 0.999921
253 3.17929 -0.012566
253 3.17929 -0.012566
254 3.19186 0.999684
254 3.19186 0.999684
255 3.20442 -0.0251301
255 3.20442 -0.0251301
256 3.21699 0.999289
256 3.21699 0.999289
257 3.22956 -0.0376902
257 3.22956 -0.0376902
258 3.24212 0.998737
258 3.24212 0.998737
259 3.25469 -0.0502443
259 3.25469 -0.0502443
260 3.26726 0.998027
260 3.26726 0.998027
261 3.27982 -0.0627905
261 3.27982 -0.0627905
262 3.29239 0.997159
262 3.29239 0.997159
263 3.30496 -0.0753268
263 3.30496 -0.0753268
264 3.31752 0.996134
264 3.31752 0.996134
265 3.33009 -0.0878512
265 3.33009 -0.0878512
266 3.34265 0.994951
266 3.34265 0.994951
267 3.35522 -0.100362
267 3.35522 -0.100362
268 3.36779 0.993611
268 3.36779 0.993611
269 3.38035 -0.112856
269 3.38035 -0.112856
270 3.39292 0.992115
270 3.39292 0.992115
271 3.40549 -0.125333
271 3.40549 -0.125333
272 3.41805 0.990461
272 3.41805 0.990461
273 3.43062 -0.13779
273 3.43062 -0.13779
274 3.44319 0.988652
274 3.44319 0.988652
275 3.45575 -0.150226
275 3.45575 -0.150226
276 3.46832 0.986686
276 3.46832 0.986686
277 3.48088 -0.162637
277 3.48088 -0.162637
278 3.49345 0.984564
278 3.49345 0.984564
279 3.50602 -0.175023
279 3.50602 -0.175023
280 3.51858 0.982287
280 3.51858 0.982287
281 3.53115 -0.187381
281 3.53115 -0.187381
282 3.54372 0.979855
282 3.54372 0.979855
283 3.55628 -0.19971
283 3.55628 -0.19971
284 3.56885 0.977268
284 3.56885 0.977268
285 3.58142 -0.212007
285 3.58142 -0.212007
286 3.59398 0.974527
286 3.59398 0.974527
287 3.60655 -0.224271
287 3.60655 -0.224271
288 3.61911 0.971632
288 3.61911 0.971632
289 3.63168 -0.236499
289 3.63168 -0.236499
290 3.64425 0.968583
290 3.64425 0.968583
291 3.65681 -0.24869
291 3.65681 -0.24869
292 3.66938 0.965382
292 3.66938 0.965382
293 3.68195 -0.260842
293 3.68195 -0.260842
294 3.69451 0.962028
294 3.69451 0.962028
295 3.70708 -0.272952
295 3.70708 -0.272952
296 3.71965 0.958522
296 3.71965 0.958522
297 3.73221 -0.285019
297 3.73221 -0.285019
298 3.74478 0.954865
298 3.74478 0.954865
299 3.75734 -0.297042
299 3.75734 -0.297042
300 3.76991 0.951057
300 3.76991 0.951057
301 3.78248 -0.309017
301 3.78248 -0.309017
302 3.79504 0.947098
302 3.79504 0.947098
303 3.80761 -0.320944
303 3.80761 -0.320944
304 3.82018 0.942991
304 3.82018 0.942991
305 3.83274 -0.33282
305 3.83274 -0.33282
306 3.84531 0.938734
306 3.84531 0.938734
307 3.85788 -0.344643
307 3.85788 -0.344643
308 3.87044 0.934329
308 3.87044 0.934329
309 3.88301 -0.356412
309 3.88301 -0.356412
310 3.89557 0.929776
310 3.89557 0.929776
311 3.90814 -0.368125
311 3.90814 -0.368125
312 3.92071 0.925077
312 3.92071 0.925077
313 3.93327 -0.379779
313 3.93327 -0.379779
314 3.94584 0.920232
314 3.94584 0.920232
315 3.95841 -0.391374
315 3.95841 -0.391374
316 3.97097 0.915241
316 3.97097 0.915241
317 3.98354 -0.402906
317 3.98354 -0.402906
318 3.99611 0.910106
318 3.99611 0.910106
319 4.00867 -0.414376
319 4.00867 -0.414376
320 4.02124 0.904827
320 4.02124 0.904827
321 4.0338 -0.425779
321 4.0338 -0.425779
322 4.04637 0.899405
322 4.04637 0.899405
323 4.05894 -0.437116
323 4.05894 -0.437116
324 4.0715 0.893841
324 4.0715 0.893841
325 4.08407 -0.448383
325 4.08407 -0.448383
326 4.09664 0.888136
326 4.09664 0.888136
327 4.1092 -0.45958
327 4.1092 -0.45958
328 4.12177 0.882291
328 4.12177 0.882291
329 4.13434 -0.470704
329 4.13434 -0.470704
330 4.1469 0.876307
330 4.1469 0.876307
331 4.15947 -0.481754
331 4.15947 -0.481754
332 4.17204 0.870184
332 4.17204 0.870184
333 4.1846 -0.492727
333 4.1846 -0.492727
334 4.19717 0.863923
334 4.19717 0.863923
335 4.20973 -0.503623
335 4.20973 -0.503623
336 4.2223 0.857527
336 4.2223 0.857527
337 4.23487 -0.51444
337 4.23487 -0.51444
338 4.24743 0.850994
338 4.24743 0.850994
339 4.26 -0.525175
339 4.26 -0.525175
340 4.27257 0.844328
340 4.27257 0.844328
341 4.28513 -0.535827
341 4.28513 -0.535827
342 4.2977 0.837528
342 4.2977 0.837528
343 4.31027 -0.546394
343 4.31027 -0.546394
344 4.32283 0.830596
344 4.32283 0.830596
345 4.3354 -0.556876
345 4.3354 -0.556876
346 4.34796 0.823533
346 4.34796 0.823533
347 4.36053 -0.567269
347 4.36053 -0.567269
348 4.3731 0.816339
348 4.3731 0.816339
349 4.38566 -0.577573
349 4.38566 -0.577573
350 4.39823 0.809017
350 4.39823 0.809017
351 4.4108 -0.587785
351 4.4108 -0.587785
352 4.42336 0.801567
352 4.42336 0.801567
353 4.43593 -0.597905
353 4.43593 -0.597905
354 4.4485 0.79399
354 4.4485 0.79399
355 4.46106 -0.60793
355 4.46106 -0.60793
356 4.47363 0.786288
356 4.47363 0.786288
357 4.48619 -0.61786
357 4.48619 -0.61786
358 4.49876 0.778462
358 4.49876 0.778462
359 4.51133 -0.627691
359 4.51133 -0.627691
360 4.52389 0.770513
360 4.52389 0.770513
361 4.53646 -0.637424
361 4.53646 -0.637424
362 4.54903 0.762443
362 4.54903 0.762443
363 4.56159 -0.647056
363 4.56159 -0.647056
364 4.57416 0.754251
364 4.57416 0.754251
365 4.58673 -0.656586
365 4.58673 -0.656586
366 4.59929 0.745941
366 4.59929 0.745941
367 4.61186 -0.666012
367 4.61186 -0.666012
368 4.62442 0.737513
368 4.62442 0.737513
369 4.63699 -0.675333
369 4.63699 -0.675333
370 4.64956 0.728969
370 4.64956 0.728969
371 4.66212 -0.684547
371 4.66212 -0.684547
372 4.67469 0.720309
372 4.67469 0.720309
373 4.68726 -0.693653
373 4.68726 -0.693653
374 4.69982 0.711536
374 4.69982 0.711536
375 4.71239 -0.70265
375 4.71239 -0.70265
376 4.72496 0.70265
376 4.72496 0.70265
377 4.73752 -0.711536
377 4.73752 -0.711536
378 4.75009 0.693653
378 4.75009 0.693653
379 4.76265 -0.720309
379 4.76265 -0.720309
380 4.77522 0.684547
380 4.77522 0.684547
381 4.78779 -0.728969
381 4.78779 -0.728969
382 4.80035 0.675333
382 4.80035 0.675333
383 4.81292 -0.737513
383 4.81292 -0.737513
384 4.82549 0.666012
384 4.82549 0.666012
385 4.83805 -0.745941
385 4.83805 -0.745941
386 4.85062 0.656586
386 4.85062 0.656586
387 4.86319 -0.754251
387 4.86319 -0.754251
388 4.87575 0.647056
388 4.87575 0.647056
389 4.88832 -0.762443
389 4.88832 -0.762443
390 4.90088 0.637424
390 4.90088 0.637424
391 4.91345 -0.770513
391 4.91345 -0.770513
392 4.92602 0.627691
392 4.92602 0.627691
393 4.93858 -0.778462
393 4.93858 -0.778462
394 4.95115 0.61786
394 4.95115 0.61786
395 4.96372 -0.786288
395 4.96372 -0.786288
396 4.97628 0.60793
396 4.97628 0.60793
397 4.98885 -0.79399
397 4.98885 -0.79399
398 5.00142 0.597905
398 5.00142 0.597905
399 5.01398 -0.801567
399 5.01398 -0.801567
400 5.02655 0.587785
400 5.02655 0.587785
401 5.03911 -0.809017
401 5.03911 -0.809017
402 5.05168 0.577573
402 5.05168 0.577573
403 5.06425 -0.816339
403 5.06425 -0.816339
404 5.07681 0.567269
404 5.07681 0.567269
405 5.08938 -0.823533
405 5.08938 -0.823533
406 5.10195 0.556876
406 5.10195 0.556876
407 5.11451 -0.830596
407 5.11451 -0.830596
408 5.12708 0.546394
408 5.12708 0.546394
409 5.13965 -0.837528
409 5.13965 -0.837528
410 5.15221 0.535827
410 5.15221 0.535827
411 5.16478 -0.844328
411 5.16478 -0.844328
412 5.17734 0.525175
412 5.17734 0.525175
413 5.18991 -0.850994
413 5.18991 -0.850994
414 5.20248 0.51444
414 5.20248 0.51444
415 5.21504 -0.857527
415 5.21504 -0.857527
416 5.22761 0.503623
416 5.22761 0.503623
417 5.24018 -0.863923
417 5.24018 -0.863923
418 5.25274 0.492727
418 5.25274 0.492727
419 5.26531 -0.870184
419 5.26531 -0.870184
420 5.27788 0.481754
420 5.27788 0.481754
421 5.29044 -0.876307
421 5.29044 -0.876307
422 5.30301 0.470704
422 5.30301 0.470704
423 5.31557 -0.882291
423 5.31557 -0.882291
424 5.32814 0.45958
424 5.32814 0.45958
425 5.34071 -0.888136
425 5.34071 -0.888136
426 5.35327 0.448383
426 5.35327 0.448383
427 5.36584 -0.893841
427 5.36584 -0.893841
428 5.37841 0.437116
428 5.37841 0.437116
429 5.39097 -0.899405
429 5.39097 -0.899405
430 5.40354 0.425779
430 5.40354 0.425779
431 5.41611 -0.904827
431 5.41611 -0.904827
432 5.42867 0.414376
432 5.42867 0.414376
433 5.44124 -0.910106
433 5.44124 -0.910106
434 5.4538 0.402906
434 5.4538 0.402906
435 5.46637 -0.915241
435 5.46637 -0.915241
436 5.47894 0.391374
436 5.47894 0.391374
437 5.4915 -0.920232
437 5.4915 -0.920232
438 5.50407 0.379779
438 5.50407 0.379779
439 5.51664 -0.925077
439 5.51664 -0.925077
440 5.5292 0.368125
440 5.5292 0.368125
441 5.54177 -0.929776
441 5.54177 -0.929776
442 5.55434 0.356412
442 5.55434 0.356412
443 5.5669 -0.934329
443 5.5669 -0.934329
444 5.57947 0.344643
444 5.57947 0.344643
445 5.59203 -0.938734
445 5.59203 -0.938734
446 5.6046 0.33282
446 5.6046 0.33282
447 5.61717 -0.942991
447 5.61717 -0.942991
448 5.62973 0.320944
448 5.62973 0.320944
449 5.6423 -0.947098
449 5.6423 -0.947098
450 5.65487 0.309017
450 5.65487 0.309017
451 5.66743 -0.951057
451 5.66743 -0.951057
452 5.68 0.297042
452 5.68 0.297042
453 5.69257 -0.954865
453 5.69257 -0.954865
454 5.70513 0.285019
454 5.70513 0.285019
455 5.7177 -0.958522
455 5.7177 -0.958522
456 5.73027 0.272952
456 5.73027 0.272952
457 5.74283 -0.962028
457 5.74283 -0.962028
458 5.7554 0.260842
458 5.7554 0.260842
459 5.76796 -0.965382
459 5.76796 -0.965382
460 5.78053 0.24869
460 5.78053 0.24869
461 5.7931 -0.968583
461 5.7931 -0.968583
462 5.80566 0.236499
462 5.80566 0.236499
463 5.81823 -0.971632
463 5.81823 -0.971632
464 5.8308 0.224271
464 5.8308 0.224271
465 5.84336 -0.974527
465 5.84336 -0.974527
466 5.85593 0.212007
466 5.85593 0.212007
467 5.8685 -0.977268
467 5.8685 -0.977268
468 5.88106 0.19971
468 5.88106 0.19971
469 5.89363 -0.979855
469 5.89363 -0.979855
470 5.90619 0.187381
470 5.90619 0.187381
471 5.91876 -0.982287
471 5.91876 -0.982287
472 5.93133 0.175023
472 5.93133 0.175023
473 5.94389 -0.984564
473 5.94389 -0.984564
474 5.95646 0.162637
474 5.95646 0.162637
475 5.96903 -0.986686
475 5.96903 -0.986686
476 5.98159 0.150226
476 5.98159 0.150226
477 5.99416 -0.988652
477 5.99416 -0.988652
478 6.00673 0.13779
478 6.00673 0.13779
479 6.01929 -0.990461
479 6.01929 -0.990461
480 6.03186 0.125333
480 6.03186 0.125333
481 6.04442 -0.992115
481 6.04442 -0.992115
482 6.05699 0.112856
482 6.05699 0.112856
483 6.06956 -0.993611
483 6.06956 -0.993611
484 6.08212 0.100362
484 6.08212 0.100362
485 6.09469 -0.994951
485 6.09469 -0.994951
486 6.10726 0.0878512
486 6.10726 0.0878512
487 6.11982 -0.996134
487 6.11982 -0.996134
488 6.13239 0.0753268
488 6.13239 0.0753268
489 6.14496 -0.997159
489 6.14496 -0.997159
490 6.15752 0.0627905
490 6.15752 0.0627905
491 6.17009 -0.998027
491 6.17009 -0.998027
492 6.18265 0.0502443
492 6.18265 0.0502443
493 6.19522 -0.998737
493 6.19522 -0.998737
494 6.20779 0.0376902
494 6.20779 0.0376902
495 6.22035 -0.999289
495 6.22035 -0.999289
496 6.23292 0.0251301
496 6.23292 0.0251301
497 6.24549 -0.999684
497 6.24549 -0.999684
498 6.25805 0.012566
498 6.25805 0.012566
499 6.27062 -0.999921
499 6.27062 -0.999921
500 6.28319 6.52805e-10
500 6.28319 6.52805e-10
501 6.29575 -1
501 6.29575 -1
502 6.30832 -0.012566
502 6.30832 -0.012566
503 6.32088 -0.999921
503 6.32088 -0.999921
504 6.33345 -0.0251301
504 6.33345 -0.0251301
505 6.34602 -0.999684
505 6.34602 -0.999684
506 6.35858 -0.0376902
506 6.35858 -0.0376902
507 6.37115 -0.999289
507 6.37115 -0.999289
508 6.38372 -0.0502443
508 6.38372 -0.0502443
509 6.39628 -0.998737
509 6.39628 -0.998737
510 6.40885 -0.0627905
510 6.40885 -0.0627905
511 6.42142 -0.998027
511 6.42142 -0.998027
512 6.43398 -0.0753268
512 6.43398 -0.0753268
513 6.44655 -0.997159
513 6.44655 -0.997159
514 6.45911 -0.0878512
514 6.45911 -0.0878512
515 6.47168 -0.996134
515 6.47168 -0.996134
516 6.48425 -0.100362
516 6.48425 -0.100362
517 6.49681 -0.994951
517 6.49681 -0.994951
518 6.50938 -0.112856
518 6.50938 -0.112856
519 6.52195 -0.993611
519 6.52195 -0.993611
520 6.53451 -0.125333
520 6.53451 -0.125333
521 6.54708 -0.992115
521 6.54708 -0.992115
522 6.55965 -0.13779
522 6.55965 -0.13779
523 6.57221 -0.990461
523 6.57221 -0.990461
524 6.58478 -0.150226
524 6.58478 -0.150226
525 6.59734 -0.988652
525 6.59734 -0.988652
526 6.60991 -0.162637
526 6.60991 -0.162637
527 6.62248 -0.986686
527 6.62248 -0.986686
528 6.63504 -0.175023
528 6.63504 -0.175023
529 6.64761 -0.984564
529 6.64761 -0.984564
530 6.66018 -0.187381
530 6.66018 -0.187381
531 6.67274 -0.982287
531 6.67274 -0.982287
532 6.68531 -0.19971
532 6.68531 -0.19971
533 6.69788 -0.979855
533 6.69788 -0.979855
534 6.71044 -0.212007
534 6.71044 -0.212007
535 6.72301 -0.977268
535 6.72301 -0.977268
536 6.73557 -0.224271
536 6.73557 -0.224271
537 6.74814 -0.974527
537 6.74814 -0.974527
538 6.76071 -0.236499
538 6.76071 -0.236499
539 6.77327 -0.971632
539 6.77327 -0.971632
540 6.78584 -0.24869
540 6.78584 -0.24869
541 6.79841 -0.968583
541 6.79841 -0.968583
542 6.81097 -0.260842
542 6.81097 -0.260842
543 6.82354 -0.965382
543 6.82354 -0.965382
544 6.83611 -0.272952
544 6.83611 -0.272952
545 6.84867 -0.962028
545 6.84867 -0.962028
546 6.86124 -0.285019
546 6.86124 -0.285019
547 6.8738 -0.958522
547 6.8738 -0.958522
548 6.88637 -0.297042
548 6.88637 -0.297042
549 6.89894 -0.954865
549 6.89894 -0.954865
550 6.9115 -0.309017
550 6.9115 -0.309017
551 6.92407 -0.951057
551 6.92407 -0.951057
552 6.93664 -0.320944
552 6.93664 -0.320944
553 6.9492 -0.947098
553 6.9492 -0.947098
554 6.96177 -0.33282
554 6.96177 -0.33282
555 6.97434 -0.942991
555 6.97434 -0.942991
556 6.9869 -0.344643
556 6.9869 -0.344643
557 6.99947 -0.938734
557 6.99947 -0.938734
558 7.01203 -0.356412
558 7.01203 -0.356412
559 7.0246 -0.934329
559 7.0246 -0.934329
560 7.03717 -0.368125
560 7.03717 -0.368125
561 7.04973 -0.929776
561 7.04973 -0.929776
562 7.0623 -0.379779
562 7.0623 -0.379779
563 7.07487 -0.925077
563 7.07487 -0.925077
564 7.08743 -0.391374
564 7.08743 -0.391374
565 7.1 -0.920232
565 7.1 -0.920232
566 7.11257 -0.402906
566 7.11257 -0.402906
567 7.12513 -0.915241
567 7.12513 -0.915241
568 7.1377 -0.414376
568 7.1377 -0.414376
569 7.15026 -0.910106
569 7.15026 -0.910106
570 7.16283 -0.425779
570 7.16283 -0.425779
571 7.1754 -0.904827
571 7.1754 -0.904827
572 7.18796 -0.437116
572 7.18796 -0.437116
573 7.20053 -0.899405
573 7.20053 -0.899405
574 7.2131 -0.448383
574 7.2131 -0.448383
575 7.22566 -0.893841
575 7.22566 -0.893841
576 7.23823 -0.45958
576 7.23823 -0.45958
577 7.2508 -0.888136
577 7.2508 -0.888136
578 7.26336 -0.470704
578 7.26336 -0.470704
579 7.27593 -0.882291
579 7.27593 -0.882291
580 7.28849 -0.481754
580 7.28849 -0.481754
581 7.30106 -0.876307
581 7.30106 -0.876307
582 7.31363 -0.492727
582 7.31363 -0.492727
583 7.32619 -0.870184
583 7.32619 -0.870184
584 7.33876 -0.503623
584 7.33876 -0.503623
585 7.35133 -0.863923
585 7.35133 -0.863923
586 7.36389 -0.51444
586 7.36389 -0.51444
587 7.37646 -0.857527
587 7.37646 -0.857527
588 7.38903 -0.525175
588 7.38903 -0.525175
589 7.40159 -0.850994
589 7.40159 -0.850994
590 7.41416 -0.535827
590 7.41416 -0.535827
591 7.42673 -0.844328
591 7.42673 -0.844328
592 7.43929 -0.546394
592 7.43929 -0.546394
593 7.45186 -0.837528
593 7.45186 -0.837528
594 7.46442 -0.556876
594 7.46442 -0.556876
595 7.47699 -0.830596
595 7.47699 -0.830596
596 7.48956 -0.567269
596 7.48956 -0.567269
597 7.50212 -0.823533
597 7.50212 -0.823533
598 7.51469 -0.577573
598 7.51469 -0.577573
599 7.52726 -0.816339
599 7.52726 -0.816339
600 7.53982 -0.587785
600 7.53982 -0.587785
601 7.55239 -0.809017
601 7.55239 -0.809017
602 7.56496 -0.597905
602 7.56496 -0.597905
603 7.57752 -0.801567
603 7.57752 -0.801567
604 7.59009 -0.60793
604 7.59009 -0.60793
605 7.60265 -0.79399
605 7.60265 -0.79399
606 7.61522 -0.61786
606 7.61522 -0.61786
607 7.62779 -0.786288
607 7.62779 -0.786288
608 7.64035 -0.627691
608 7.64035 -0.627691
609 7.65292 -0.778462
609 7.65292 -0.778462
610 7.66549 -0.637424
610 7.66549 -0.637424
611 7.67805 -0.770513
611 7.67805 -0.770513
612 7.69062 -0.647056
612 7.69062 -0.647056
613 7.70319 -0.762443
613 7.70319 -0.762443
614 7.71575 -0.656586
614 7.71575 -0.656586
615 7.72832 -0.754251
615 7.72832 -0.754251
616 7.74088 -0.666012
616 7.74088 -0.666012
617 7.75345 -0.745941
617 7.75345 -0.745941
618 7.76602 -0.675333
618 7.76602 -0.675333
619 7.77858 -0.737513
619 7.77858 -0.737513
620 7.79115 -0.684547
620 7.79115 -0.684547
621 7.80372 -0.728969
621 7.80372 -0.728969
622 7.81628 -0.693653
622 7.81628 -0.693653
623 7.82885 -0.720309
623 7.82885 -0.720309
624 7.84142 -0.70265
624 7.84142 -0.70265
625 7.85398 -0.711536
625 7.85398 -0.711536
626 7.86655 -0.711536
626 7.86655 -0.711536
627 7.87911 -0.70265
627 7.87911 -0.70265
628 7.89168 -0.720309
628 7.89168 -0.720309
629 7.90425 -0.693653
629 7.90425 -0.693653
630 7.91681 -0.728969
630 7.91681 -0.728969
631 7.92938 -0.684547
631 7.92938 -0.684547
632 7.94195 -0.737513
632 7.94195 -0.737513
633 7.95451 -0.675333
633 7.95451 -0.675333
634 7.96708 -0.745941
634 7.96708 -0.745941
635 7.97965 -0.666012
635 7.97965 -0.666012
636 7.99221 -0.754251
636 7.99221 -0.754251
637 8.00478 -0.656586
637 8.00478 -0.656586
638 8.01734 -0.762443
638 8.01734 -0.762443
639 8.02991 -0.647056
639 8.02991 -0.647056
640 8.04248 -0.770513
640 8.04248 -0.770513
641 8.05504 -0.637424
641 8.05504 -0.637424
642 8.06761 -0.778462
642 8.06761 -0.778462
643 8.08018 -0.627691
643 8.08018 -0.627691
644 8.09274 -0.786288
644 8.09274 -0.786288
645 8.10531 -0.61786
645 8.10531 -0.61786
646 8.11788 -0.79399
646 8.11788 -0.79399
647 8.13044 -0.60793
647 8.13044 -0.60793
648 8.14301 -0.801567
648 8.14301 -0.801567
649 8.15557 -0.597905
649 8.15557 -0.597905
650 8.16814 -0.809017
650 8.16814 -0.809017
651 8.18071 -0.587785
651 8.18071 -0.587785
652 8.19327 -0.816339
652 8.19327 -0.816339
653 8.20584 -0.577573
653 8.20584 -0.577573
654 8.21841 -0.823533
654 8.21841 -0.823533
655 8.23097 -0.567269
655 8.23097 -0.567269
656 8.24354 -0.830596
656 8.24354 -0.830596
657 8.25611 -0.556876
657 8.25611 -0.556876
658 8.26867 -0.837528
658 8.26867 -0.837528
659 8.28124 -0.546394
659 8.28124 -0.546394
660 8.2938 -0.844328
660 8.2938 -0.844328
661 8.30637 -0.535827
661 8.30637 -0.535827
662 8.31894 -0.850994
662 8.31894 -0.850994
663 8.3315 -0.525175
663 8.3315 -0.525175
664 8.34407 -0.857527
664 8.34407 -0.857527
665 8.35664 -0.51444
665 8.35664 -0.51444
666 8.3692 -0.863923
666 8.3692 -0.863923
667 8.38177 -0.503623
667 8.38177 -0.503623
668 8.39434 -0.870184
668 8.39434 -0.870184
669 8.4069 -0.492727
669 8.4069 -0.492727
670 8.41947 -0.876307
670 8.41947 -0.876307
671 8.43203 -0.481754
671 8.43203 -0.481754
672 8.4446 -0.882291
672 8.4446 -0.882291
673 8.45717 -0.470704
673 8.45717 -0.470704
674 8.46973 -0.888136
674 8.46973 -0.888136
675 8.4823 -0.45958
675 8.4823 -0.45958
676 8.49487 -0.893841
676 8.49487 -0.893841
677 8.50743 -0.448383
677 8.50743 -0.448383
678 8.52 -0.899405
678 8.52 -0.899405
679 8.53257 -0.437116
679 8.53257 -0.437116
680 8.54513 -0.904827
680 8.54513 -0.904827
681 8.5577 -0.425779
681 8.5577 -0.425779
682 8.57026 -0.910106
682 8.57026 -0.910106
683 8.58283 -0.414376
683 8.58283 -0.414376
684 8.5954 -0.915241
684 8.5954 -0.915241
685 8.60796 -0.402906
685 8.60796 -0.402906
686 8.62053 -0.920232
686 8.62053 -0.920232
687 8.6331 -0.391374
687 8.6331 -0.391374
688 8.64566 -0.925077
688 8.64566 -0.925077
689 8.65823 -0.379779
689 8.65823 -0.379779
690 8.6708 -0.929776
690 8.6708 -0.929776
691 8.68336 -0.368125
691 8.68336 -0.368125
692 8.69593 -0.934329
692 8.69593 -0.934329
693 8.70849 -0.356412
693 8.70849 -0.356412
694 8.72106 -0.938734
694 8.72106 -0.938734
695 8.73363 -0.344643
695 8.73363 -0.344643
696 8.74619 -0.942991
696 8.74619 -0.942991
697 8.75876 -0.33282
697 8.75876 -0.33282
698 8.77133 -0.947098
698 8.77133 -0.947098
699 8.78389 -0.320944
699 8.78389 -0.320944
700 8.79646 -0.951057
700 8.79646 -0.951057
701 8.80903 -0.309017
701 8.80903 -0.309017
702 8.82159 -0.954865
702 8.82159 -0.954865
703 8.83416 -0.297042
703 8.83416 -0.297042
704 8.84672 -0.958522
704 8.84672 -0.958522
705 8.85929 -0.285019
705 8.85929 -0.285019
706 8.87186 -0.962028
706 8.87186 -0.962028
707 8.88442 -0.272952
707 8.88442 -0.272952
708 8.89699 -0.965382
708 8.89699 -0.965382
709 8.90956 -0.260842
709 8.90956 -0.260842
710 8.92212 -0.968583
710 8.92212 -0.968583
711 8.93469 -0.24869
711 8.93469 -0.24869
712 8.94726 -0.971632
712 8.94726 -0.971632
713 8.95982 -0.236499
713 8.95982 -0.236499
714 8.97239 -0.974527
714 8.97239 -0.974527
715 8.98495 -0.224271
715 8.98495 -0.224271
716 8.99752 -0.977268
716 8.99752 -0.977268
717 9.01009 -0.212007
717 9.01009 -0.212007
718 9.02265 -0.979855
718 9.02265 -0.979855
719 9.03522 -0.19971
719 9.03522 -0.19971
720 9.04779 -0.982287
720 9.04779 -0.982287
721 9.06035 -0.187381
721 9.06035 -0.187381
722 9.07292 -0.984564
722 9.07292 -0.984564
723 9.08549 -0.175023
723 9.08549 -0.175023
724 9.09805 -0.986686
724 9.09805 -0.986686
725 9.11062 -0.162637
725 9.11062 -0.162637
726 9.12319 -0.988652
726 9.12319 -0.988652
727 9.13575 -0.150226
727 9.13575 -0.150226
728 9.14832 -0.990461
728 9.14832 -0.990461
729 9.16088 -0.13779
729 9.16088 -0.13779
730 9.17345 -0.992115
730 9.17345 -0.992115
731 9.18602 -0.125333
731 9.18602 -0.125333
732 9.19858 -0.993611
732 9.19858 -0.993611
733 9.21115 -0.112856
733 9.21115 -0.112856
734 9.22372 -0.994951
734 9.22372 -0.994951
735 9.23628 -0.100362
735 9.23628 -0.100362
736 9.24885 -0.996134
736 9.24885 -0.996134
737 9.26142 -0.0878512
737 9.26142 -0.0878512
738 9.27398 -0.997159
738 9.27398 -0.997159
739 9.28655 -0.0753268
739 9.28655 -0.0753268
740 9.29911 -0.998027
740 9.29911 -0.998027
741 9.31168 -0.0627905
741 9.31168 -0.0627905
742 9.32425 -0.998737
742 9.32425 -0.998737
743 9.33681 -0.0502443
743 9.33681 -0.0502443
744 9.34938 -0.999289
744 9.34938 -0.999289
745 9.36195 -0.0376902
745 9.36195 -0.0376902
746 9.37451 -0.999684
746 9.37451 -0.999684
747 9.38708 -0.0251301
747 9.38708 -0.0251301
748 9.39965 -0.999921
748 9.39965 -0.999921
749 9.41221 -0.012566
749 9.41221 -0.012566
750 9.42478 -1
750 9.42478 -1
751 9.43734 -9.79208e-10
751 9.43734 -9.79208e-10
752 9.44991 -0.999921
752 9.44991 -0.999921
753 9.46248 0.012566
753 9.46248 0.012566
754 9.47504 -0.999684
754 9.47504 -0.999684
755 9.48761 0.0251301
755 9.48761 0.0251301
756 9.50018 -0.999289
756 9.50018 -0.999289
757 9.51274 0.0376902
757 9.51274 0.0376902
758 9.52531 -0.998737
758 9.52531 -0.998737
759 9.53788 0.0502443
759 9.53788 0.0502443
760 9.55044 -0.998027
760 9.55044 -0.998027
761 9.56301 0.0627905
761 9.56301 0.0627905
762 9.57557 -0.997159
762 9.57557 -0.997159
763 9.58814 0.0753268
763 9.58814 0.0753268
764 9.60071 -0.996134
764 9.60071 -0.996134
765 9.61327 0.0878512
765 9.61327 0.0878512
766 9.62584 -0.994951
766 9.62584 -0.994951
767 9.63841 0.100362
767 9.63841 0.100362
768 9.65097 -0.993611
768 9.65097 -0.993611
769 9.66354 0.112856
769 9.66354 0.112856
770 9.67611 -0.992115
770 9.67611 -0.992115
771 9.68867 0.125333
771 9.68867 0.125333
772 9.70124 -0.990461
772 9.70124 -0.990461
773 9.7138 0.13779
773 9.7138 0.13779
774 9.72637 -0.988652
774 9.72637 -0.988652
775 9.73894 0.150226
775 9.73894 0.150226
776 9.7515 -0.986686
776 9.7515 -0.986686
777 9.76407 0.162637
777 9.76407 0.162637
778 9.77664 -0.984564
778 9.77664 -0.984564
779 9.7892 0.175023
779 9.7892 0.175023
780 9.80177 -0.982287
780 9.80177 -0.982287
781 9.81434 0.187381
781 9.81434 0.187381
782 9.8269 -0.979855
782 9.8269 -0.979855
783 9.83947 0.19971
783 9.83947 0.19971
784 9.85203 -0.977268
784 9.85203 -0.977268
785 9.8646 0.212007
785 9.8646 0.212007
786 9.87717 -0.974527
786 9.87717 -0.974527
787 9.88973 0.224271
787 9.88973 0.224271
788 9.9023 -0.971632
788 9.9023 -0.971632
789 9.91487 0.236499
789 9.91487 0.236499
790 9.92743 -0.968583
790 9.92743 -0.968583
791 9.94 0.24869
791 9.94 0.24869
792 9.95257 -0.965382
792 9.95257 -0.965382
793 9.96513 0.260842
793 9.96513 0.260842
794 9.9777 -0.962028
794 9.9777 -0.962028
795 9.99026 0.272952
795 9.99026 0.272952
796 10.0028 -0.958522
796 10.0028 -0.958522
797 10.0154 0.285019
797 10.0154 0.285019
798 10.028 -0.954865
798 10.028 -0.954865
799 10.0405 0.297042
799 10.0405 0.297042
800 10.0531 -0.951057
800 10.0531 -0.951057
801 10.0657 0.309017
801 10.0657 0.309017
802 10.0782 -0.947098
802 10.0782 -0.947098
803 10.0908 0.320944
803 10.0908 0.320944
804 10.1034 -0.942991
804 10.1034 -0.942991
805 10.1159 0.33282
805 10.1159 0.33282
806 10.1285 -0.938734
806 10.1285 -0.938734
807 10.1411 0.344643
807 10.1411 0.344643
808 10.1536 -0.934329
808 10.1536 -0.934329
809 10.1662 0.356412
809 10.1662 0.356412
810 10.1788 -0.929776
810 10.1788 -0.929776
811 10.1913 0.368125
811 10.1913 0.368125
812 10.2039 -0.925077
812 10.2039 -0.925077
813 10.2165 0.379779
813 10.2165 0.379779
814 10.229 -0.920232
814 10.229 -0.920232
815 10.2416 0.391374
815 10.2416 0.391374
816 10.2542 -0.915241
816 10.2542 -0.915241
817 10.2667 0.402906
817 10.2667 0.402906
818 10.2793 -0.910106
818 10.2793 -0.910106
819 10.2919 0.414376
819 10.2919 0.414376
820 10.3044 -0.904827
820 10.3044 -0.904827
821 10.317 0.425779
821 10.317 0.425779
822 10.3296 -0.899405
822 10.3296 -0.899405
823 10.3421 0.437116
823 10.3421 0.437116
824 10.3547 -0.893841
824 10.3547 -0.893841
825 10.3673 0.448383
825 10.3673 0.448383
826 10.3798 -0.888136
826 10.3798 -0.888136
827 10.3924 0.45958
827 10.3924 0.45958
828 10.405 -0.882291
828 10.405 -0.882291
829 10.4175 0.470704
829 10.4175 0.470704
830 10.4301 -0.876307
830 10.4301 -0.876307
831 10.4427 0.481754
831 10.4427 0.481754
832 10.4552 -0.870184
832 10.4552 -0.870184
833 10.4678 0.492727
833 10.4678 0.492727
834 10.4804 -0.863923
834 10.4804 -0.863923
835 10.4929 0.503623
835 10.4929 0.503623
836 10.5055 -0.857527
836 10.5055 -0.857527
837 10.5181 0.51444
837 10.5181 0.51444
838 10.5306 -0.850994
838 10.5306 -0.850994
839 10.5432 0.525175
839 10.5432 0.525175
840 10.5558 -0.844328
840 10.5558 -0.844328
841 10.5683 0.535827
841 10.5683 0.535827
842 10.5809 -0.837528
842 10.5809 -0.837528
843 10.5935 0.546394
843 10.5935 0.546394
844 10.606 -0.830596
844 10.606 -0.830596
845 10.6186 0.556876
845 10.6186 0.556876
846 10.6311 -0.823533
846 10.6311 -0.823533
847 10.6437 0.567269
847 10.6437 0.567269
848 10.6563 -0.816339
848 10.6563 -0.816339
849 10.6688 0.577573
849 10.6688 0.577573
850 10.6814 -0.809017
850 10.6814 -0.809017
851 10.694 0.587785
851 10.694 0.587785
852 10.7065 -0.801567
852 10.7065 -0.801567
853 10.7191 0.597905
853 10.7191 0.597905
854 10.7317 -0.79399
854 10.7317 -0.79399
855 10.7442 0.60793
855 10.7442 0.60793
856 10.7568 -0.786288
856 10.7568 -0.786288
857 10.7694 0.61786
857 10.7694 0.61786
858 10.7819 -0.778462
858 10.7819 -0.778462
859 10.7945 0.627691
859 10.7945 0.627691
860 10.8071 -0.770513
860 10.8071 -0.770513
861 10.8196 0.637424
861 10.8196 0.637424
862 10.8322 -0.762443
862 10.8322 -0.762443
863 10.8448 0.647056
863 10.8448 0.647056
864 10.8573 -0.754251
864 10.8573 -0.754251
865 10.8699 0.656586
865 10.8699 0.656586
866 10.8825 -0.745941
866 10.8825 -0.745941
867 10.895 0.666012
867 10.895 0.666012
868 10.9076 -0.737513
868 10.9076 -0.737513
869 10.9202 0.675333
869 10.9202 0.675333
870 10.9327 -0.728969
870 10.9327 -0.728969
871 10.9453 0.684547
871 10.9453 0.684547
872 10.9579 -0.720309
872 10.9579 -0.720309
873 10.9704 0.693653
873 10.9704 0.693653
874 10.983 -0.711536
874 10.983 -0.711536
875 10.9956 0.70265
875 10.9956 0.70265
876 11.0081 -0.70265
876 11.0081 -0.70265
877 11.0207 0.711536
877 11.0207 0.711536
878 11.0333 -0.693653
878 11.0333 -0.693653
879 11.0458 0.720309
879 11.0458 0.720309
880 11.0584 -0.684547
880 11.0584 -0.684547
881 11.071 0.728969
881 11.071 0.728969
882 11.0835 -0.675333
882 11.0835 -0.675333
883 11.0961 0.737513
883 11.0961 0.737513
884 11.1087 -0.666012
884 11.1087 -0.666012
885 11.1212 0.745941
885 11.1212 0.745941
886 11.1338 -0.656586
886 11.1338 -0.656586
887 11.1464 0.754251
887 11.1464 0.754251
888 11.1589 -0.647056
888 11.1589 -0.647056
889 11.1715 0.762443
889 11.1715 0.762443
890 11.1841 -0.637424
890 11.1841 -0.637424
891 11.1966 0.770513
891 11.1966 0.770513
892 11.2092 -0.627691
892 11.2092 -0.627691
893 11.2218 0.778462
893 11.2218 0.778462
894 11.2343 -0.61786
894 11.2343 -0.61786
895 11.2469 0.786288
895 11.2469 0.786288
896 11.2595 -0.60793
896 11.2595 -0.60793
897 11.272 0.79399
897 11.272 0.79399
898 11.2846 -0.597905
898 11.2846 -0.597905
899 11.2972 0.801567
899 11.2972 0.801567
900 11.3097 -0.587785
900 11.3097 -0.587785
901 11.3223 0.809017
901 11.3223 0.809017
902 11.3349 -0.577573
902 11.3349 -0.577573
903 11.3474 0.816339
903 11.3474 0.816339
904 11.36 -0.567269
904 11.36 -0.567269
905 11.3726 0.823533
905 11.3726 0.823533
906 11.3851 -0.556876
906 11.3851 -0.556876
907 11.3977 0.830596
907 11.3977 0.830596
908 11.4103 -0.546394
908 11.4103 -0.546394
909 11.4228 0.837528
909 11.4228 0.837528
910 11.4354 -0.535827
910 11.4354 -0.535827
911 11.448 0.844328
911 11.448 0.844328
912 11.4605 -0.525175
912 11.4605 -0.525175
913 11.4731 0.850994
913 11.4731 0.850994
914 11.4857 -0.51444
914 11.4857 -0.51444
915 11.4982 0.857527
915 11.4982 0.857527
916 11.5108 -0.503623
916 11.5108 -0.503623
917 11.5234 0.863923
917 11.5234 0.863923
918 11.5359 -0.492727
918 11.5359 -0.492727
919 11.5485 0.870184
919 11.5485 0.870184
920 11.5611 -0.481754
920 11.5611 -0.481754
921 11.5736 0.876307
921 11.5736 0.876307
922 11.5862 -0.470704
922 11.5862 -0.470704
923 11.5988 0.882291
923 11.5988 0.882291
924 11.6113 -0.45958
924 11.6113 -0.45958
925 11.6239 0.888136
925 11.6239 0.888136
926 11.6365 -0.448383
926 11.6365 -0.448383
927 11.649 0.893841
927 11.649 0.893841
928 11.6616 -0.437116
928 11.6616 -0.437116
929 11.6742 0.899405
929 11.6742 0.899405
930 11.6867 -0.425779
930 11.6867 -0.425779
931 11.6993 0.904827
931 11.6993 0.904827
932 11.7119 -0.414376
932 11.7119 -0.414376
933 11.7244 0.910106
933 11.7244 0.910106
934 11.737 -0.402906
934 11.737 -0.402906
935 11.7496 0.915241
935 11.7496 0.915241
936 11.7621 -0.391374
936 11.7621 -0.391374
937 11.7747 0.920232
937 11.7747 0.920232
938 11.7873 -0.379779
938 11.7873 -0.379779
939 11.7998 0.925077
939 11.7998 0.925077
940 11.8124 -0.368125
940 11.8124 -0.368125
941 11.825 0.929776
941 11.825 0.929776
942 11.8375 -0.356412
942 11.8375 -0.356412
943 11.8501 0.934329
943 11.8501 0.934329
944 11.8627 -0.344643
944 11.8627 -0.344643
945 11.8752 0.938734
945 11.8752 0.938734
946 11.8878 -0.33282
946 11.8878 -0.33282
947 11.9004 0.942991
947 11.9004 0.942991
948 11.9129 -0.320944
948 11.9129 -0.320944
949 11.9255 0.947098
949 11.9255 0.947098
950 11.9381 -0.309017
950 11.9381 -0.309017
951 11.9506 0.951057
951 11.9506 0.951057
952 11.9632 -0.297042
952 11.9632 -0.297042
953 11.9758 0.954865
953 11.9758 0.954865
954 11.9883 -0.285019
954 11.9883 -0.285019
955 12.0009 0.958522
955 12.0009 0.958522
956 12.0135 -0.272952
956 12.0135 -0.272952
957 12.026 0.962028
957 12.026 0.962028
958 12.0386 -0.260842
958 12.0386 -0.260842
959 12.0511 0.965382
959 12.0511 0.965382
960 12.0637 -0.24869
960 12.0637 -0.24869
961 12.0763 0.968583
961 12.0763 0.968583
962 12.0888 -0.236499
962 12.0888 -0.236499
963 12.1014 0.971632
963 12.1014 0.971632
964 12.114 -0.224271
964 12.114 -0.224271
965 12.1265 0.974527
965 12.1265 0.974527
966 12.1391 -0.212007
966 12.1391 -0.212007
967 12.1517 0.977268
967 12.1517 0.977268
968 12.1642 -0.19971
968 12.1642 -0.19971
969 12.1768 0.979855
969 12.1768 0.979855
970 12.1894 -0.187381
970 12.1894 -0.187381
971 12.2019 0.982287
971 12.2019 0.982287
972 12.2145 -0.175023
972 12.2145 -0.175023
973 12.2271 0.984564
973 12.2271 0.984564
974 12.2396 -0.162637
974 12.2396 -0.162637
975 12.2522 0.986686
975 12.2522 0.986686
976 12.2648 -0.150226
976 12.2648 -0.150226
977 12.2773 0.988652
977 12.2773 0.988652
978 12.2899 -0.13779
978 12.2899 -0.13779
979 12.3025 0.990461
979 12.3025 0.990461
980 12.315 -0.125333
980 12.315 -0.125333
981 12.3276 0.992115
981 12.3276 0.992115
982 12.3402 -0.112856
982 12.3402 -0.112856
983 12.3527 0.993611
983 12.3527 0.993611
984 12.3653 -0.100362
984 12.3653 -0.100362
985 12.3779 0.994951
985 12.3779 0.994951
986 12.3904 -0.0878512
986 12.3904 -0.0878512
987 12.403 0.996134
987 12.403 0.996134
988 12.4156 -0.0753268
988 12.4156 -0.0753268
989 12.4281 0.997159
989 12.4281 0.997159
990 12.4407 -0.0627905
990 12.4407 -0.0627905
991 12.4533 0.998027
991 12.4533 0.998027
992 12.4658 -0.0502443
992 12.4658 -0.0502443
993 12.4784 0.998737
993 12.4784 0.998737
994 12.491 -0.0376902
994 12.491 -0.0376902
995 12.5035 0.999289
995 12.5035 0.999289
996 12.5161 -0.0251301
996 12.5161 -0.0251301
997 12.5287 0.999684
997 12.5287 0.999684
998 12.5412 -0.012566
998 12.5412 -0.012566
999 12.5538 0.999921
999 12.5538 0.999921
1000 12.5664 -1.30561e-09
1000 12.5664 -1.30561e-09
