0.0 -1.78144e-13
0.001364341085271318 -0.35976320141517465
0.002728682170542636 -0.6224986190018971
0.0040930232558139545 -0.7971553299325889
0.005457364341085272 -0.8926824113794933
0.00682170542635659 -0.9180289405148536
0.008186046511627909 -0.8821439945109137
0.009550387596899227 -0.7939766505399165
0.010914728682170544 -0.6624759857741056
0.012279069767441862 -0.49659107738572417
0.01364341085271318 -0.30527100254701545
0.015007751937984499 -0.09746483843022336
0.016372093023255818 0.11787833779240964
0.017736434108527134 0.3318094489486385
0.019100775193798453 0.5353794178662218
0.02046511627906977 0.719639167372915
0.02182945736434109 0.8756396202964748
0.023193798449612408 0.9944316994646587
0.024558139534883724 1.067066327705221
0.025922480620155043 1.0845944278459225
0.02728682170542636 1.0380669227145165
0.02865116279069768 0.9185347351387594
0.030015503875968998 0.71704878794641
0.031379844961240314 0.4246600039652235
0.032744186046511636 0.033875181287670454
0.03410852713178295 -0.43550796094362626
0.03547286821705427 -0.9394540764938443
0.036837209302325584 -1.4330852987203402
0.03820155038759691 -1.8715237609804745
0.03956589147286822 -2.2098915966315937
0.04093023255813954 -2.403310939031061
0.04229457364341086 -2.4069039215362276
0.04365891472868218 -2.1757926775044543
0.04502325581395349 -1.6650993402930934
0.046387596899224816 -0.8299460432594978
0.04775193798449613 0.3745450802389678
0.04911627906976745 1.97358726679643
0.05048062015503877 3.855253863889445
0.051844961240310086 5.849217774474584
0.0532093023255814 7.784936103099127
0.05457364341085272 9.491865954310349
0.05593798449612404 10.799464432655531
0.05730232558139536 11.537188642681931
0.05866666666666667 11.534495688936829
0.060031007751937995 10.620842675967497
0.06139534883720931 8.62568670832122
0.06275968992248063 5.3784848905452485
0.06412403100775195 0.7087956759240511
0.06548837209302327 -5.379097259326426
0.06685271317829458 -12.347714532585067
0.0682170542635659 -19.558228024031752
0.06958139534883721 -26.371809613846054
0.07094573643410854 -32.149631182207884
0.07231007751937986 -36.252864609296864
0.07367441860465117 -38.04268177529275
0.07503875968992249 -36.88025456037525
0.07640310077519381 -32.12675484472411
0.07776744186046512 -23.143354508519188
0.07913178294573645 -9.29122543194002
0.08049612403100777 10.044224756857393
0.08186046511627908 34.29647439943811
0.0832248062015504 61.210073150275015
0.08458914728682172 88.39968220203023
0.08595348837209303 113.47996274736583
0.08731782945736435 134.06557597894462
0.08868217054263568 147.77118308942877
0.09004651162790699 152.2114452714804
0.09141085271317831 145.00102371776222
0.09277519379844963 123.75457962093617
0.09413953488372094 86.0867741736653
0.09550387596899226 29.612268568611114
0.09686821705426359 -47.569575868532056
0.0982325581395349 -141.0568829627318
0.09959689922480622 -242.0402555041882
0.10096124031007754 -341.61985660812996
0.10232558139534885 -430.89584938978544
0.10368992248062017 -500.9683969643869
0.1050542635658915 -542.9376624471623
0.1064186046511628 -547.9038089533419
0.10778294573643413 -506.9669995981551
0.10914728682170544 -411.22739749683285
0.11051162790697676 -251.78516576460322
0.11187596899224808 -19.740467516695844
0.11324031007751939 288.53300185646714
0.11460465116279071 648.917493664706
0.11596899224806204 1028.20368957541
0.11733333333333335 1393.1769977236881
0.11869767441860467 1710.622826244665
0.12006201550387599 1947.3265832734505
0.1214263565891473 2070.0736769451596
0.12279069767441862 2045.6495153949104
0.12415503875968995 1840.8395067578153
0.12551937984496125 1422.4290591689964
0.1268837209302326 757.2035807635475
0.1282480620155039 -187.8940717104744
0.1296124031007752 -1403.3115106369225
0.13097674418604655 -2779.4377548968373
0.13234108527131785 -4192.314318519967
0.13370542635658916 -5517.98271553614
0.13506976744186047 -6632.4844599751605
0.1364341085271318 -7411.861065866849
0.13779844961240312 -7732.154047240967
0.13916279069767443 -7469.404918127348
0.14052713178294576 -6499.655192555761
0.14189147286821707 -4698.946384556049
0.14325581395348838 -1943.3200081580053
0.14462015503875972 1882.001091525014
0.14598449612403103 6627.665536765404
0.14734883720930234 11846.920273374653
0.14871317829457367 17077.146907051763
0.15007751937984498 21855.727043495423
0.1514418604651163 25720.042288404657
0.15280620155038763 28207.47424747838
0.15417054263565894 28855.404526415412
0.15553488372093024 27201.214730914733
0.15689922480620158 22782.286466675083
0.1582635658914729 15136.001339395589
0.1596279069767442 3799.740954775065
0.16099224806201554 -11548.762931670382
0.16235658914728684 -29912.980574634264
0.16372093023255815 -49573.79825435975
0.1650852713178295 -68804.70097365843
0.1664496124031008 -85879.17373534058
0.1678139534883721 -99070.70154221782
0.16917829457364345 -106652.76939710135
0.17054263565891475 -106898.86230280201
0.17190697674418606 -98082.46526213118
0.1732713178294574 -78477.06327789945
0.1746356589147287 -46356.141352918814
0.17600000000000002 6.815509999956703
