0 -1.78144e-13
0.00384 0.0115599
0.00768 0.0212196
0.01152 0.0338654
0.01536 0.0543837
0.0192 0.085587
0.02304 0.126087
0.02688 0.176317
0.03072 0.236774
0.03456 0.307721
0.0384 0.388763
0.04224 0.480065
0.04608 0.581845
0.04992 0.691663
0.05376 0.800136
0.0576 0.921012
0.06144 1.07139
0.06528 1.26742
0.06912 1.50656
0.07296 1.78031
0.0768 2.08233
0.08064 2.40695
0.08448 2.77386
0.08832 3.17289
0.09216 3.57403
0.096 3.94731
0.09984 4.29198
0.10368 4.62297
0.10752 4.93378
0.11136 5.21791
0.1152 5.47281
0.11904 5.70261
0.12288 5.90696
0.12672 6.08536
0.13056 6.23471
0.1344 6.35128
0.13824 6.44489
0.14208 6.52621
0.14592 6.60519
0.14976 6.68078
0.1536 6.7443
0.15744 6.78699
0.16128 6.8018
0.16512 6.8059
0.16896 6.80801
0.1728 6.81078
0.17664 4678.78
0.18048 191302
0.18432 529987
0.18816 854849
0.192 1e+06
0.19584 1e+06
0.19968 1e+06
0.20352 1e+06
0.20736 1e+06
0.2112 1e+06
0.21504 1e+06
0.21888 1e+06
0.22272 1e+06
0.22656 1e+06
0.2304 1e+06
0.23424 1e+06
0.23808 1e+06
0.24192 1e+06
0.24576 1e+06
0.2496 1e+06
0.25344 1e+06
0.25728 1e+06
0.26112 1e+06
0.26496 1e+06
0.2688 1e+06
0.27264 1e+06
0.27648 1e+06
0.28032 1e+06
0.28416 1e+06
0.288 1e+06
0.29184 1e+06
0.29568 1e+06
0.29952 1e+06
0.30336 1e+06
0.3072 1e+06
0.31104 1e+06
0.31488 1e+06
0.31872 1e+06
0.32256 1e+06
0.3264 1e+06
0.33024 1e+06
0.33408 1e+06
0.33792 1e+06
0.34176 1e+06
0.3456 1e+06
0.34944 1e+06
0.35328 1e+06
0.35712 1e+06
0.36096 1e+06
0.3648 1e+06
0.36864 1e+06
0.37248 1e+06
0.37632 1e+06
0.38016 1e+06
0.384 1e+06
