0 -1.4618e-13
0.0032 0.00264557
0.0064 0.00517712
0.0096 0.00788784
0.0128 0.0110709
0.016 0.0146604
0.0192 0.0183995
0.0224 0.0227641
0.0256 0.0282453
0.0288 0.0350562
0.032 0.0427399
0.0352 0.0516222
0.0384 0.0620965
0.0416 0.0744772
0.0448 0.0885423
0.048 0.104245
0.0512 0.121602
0.0544 0.140655
0.0576 0.161638
0.0608 0.184301
0.064 0.208262
0.0672 0.233132
0.0704 0.258489
0.0736 0.284805
0.0768 0.312844
0.08 0.343374
0.0832 0.375187
0.0864 0.408225
0.0896 0.444976
0.0928 0.487927
0.096 0.539863
0.0992 0.599902
0.1024 0.66359
0.1056 0.726425
0.1088 0.784162
0.112 0.837626
0.1152 0.891945
0.1184 0.952363
0.1216 1.02327
0.1248 1.10242
0.128 1.18814
0.1312 1.27932
0.1344 1.37494
0.1376 1.4751
0.1408 1.5804
0.144 1.69134
0.1472 1.80826
0.1504 1.926
0.1536 2.04779
0.1568 2.18179
0.16 2.33612
0.1632 2.515
0.1664 2.71332
0.1696 2.92525
0.1728 3.14499
0.176 3.34048
0.1792 3.50388
0.1824 3.71047
0.1856 4.03693
0.1888 68595.2
0.192 351981
0.1952 704501
0.1984 960254
0.2016 1e+06
0.2048 1e+06
0.208 1e+06
0.2112 1e+06
0.2144 1e+06
0.2176 1e+06
0.2208 1e+06
0.224 1e+06
0.2272 1e+06
0.2304 1e+06
0.2336 1e+06
0.2368 1e+06
0.24 1e+06
0.2432 1e+06
0.2464 1e+06
0.2496 1e+06
0.2528 1e+06
0.256 1e+06
0.2592 1e+06
0.2624 1e+06
0.2656 1e+06
0.2688 1e+06
0.272 1e+06
0.2752 1e+06
0.2784 1e+06
0.2816 1e+06
0.2848 1e+06
0.288 1e+06
0.2912 1e+06
0.2944 1e+06
0.2976 1e+06
0.3008 1e+06
0.304 1e+06
0.3072 1e+06
0.3104 1e+06
0.3136 1e+06
0.3168 1e+06
0.32 1e+06
