1 -0.618422  2.3 
0.995 -0.615973  2.3 
0.99 -0.611862  2.3 
0.985 -0.608175  2.3 
0.98 -0.603034  2.3 
0.975 -0.595197  2.3 
0.97 -0.585759  2.3 
0.965 -0.579113  2.3 
0.96 -0.571586  2.3 
0.959862 -0.571429  2.3 
0.955 -0.55634  2.3 
0.95 -0.539343  2.3 
0.945 -0.514904  2.3 
0.94 -0.502185  2.3 
0.939483 -0.5  2.3 
0.94 -0.494617  2.3 
0.945 -0.466593  2.3 
0.948736 -0.428571  2.3 
0.95 -0.425845  2.3 
0.955 -0.419941  2.3 
0.96 -0.414255  2.3 
0.965 -0.407187  2.3 
0.97 -0.397041  2.3 
0.975 -0.389748  2.3 
0.98 -0.386662  2.3 
0.985 -0.385626  2.3 
0.99 -0.380511  2.3 
0.995 -0.376371  2.3 
1 -0.376027  2.3 

